# Temperatura_=_20.0
# Concentracion g/m^3_=_1000.0
# C_Vs_to_Am_M_A/Vsm_=_25649819763.59163
# pendiente_HvsI_1/m_=_3716.3
# ordenada_HvsI_A/m_=_1297.0
# frecuencia_Hz_=_309265.9445020104
# Promedio de 26 ciclos

Tiempo_(s)	Campo_(V.s)	Magnetizacion_(V.s)	Campo_(kA/m)	Magnetizacion_(A/m)
0.000000e+00	-6.557313e-09	-2.619151e-09	-5.682219e+01	-6.544236e+01
1.000000e-08	-6.554795e-09	-2.596784e-09	-5.680041e+01	-6.547171e+01
2.000000e-08	-6.549881e-09	-2.584360e-09	-5.675787e+01	-6.549384e+01
3.000000e-08	-6.542789e-09	-2.596544e-09	-5.669647e+01	-6.550102e+01
4.000000e-08	-6.533353e-09	-2.595764e-09	-5.661471e+01	-6.549002e+01
5.000000e-08	-6.521471e-09	-2.584307e-09	-5.651175e+01	-6.546290e+01
6.000000e-08	-6.507110e-09	-2.593884e-09	-5.638736e+01	-6.542616e+01
7.000000e-08	-6.490257e-09	-2.606564e-09	-5.624138e+01	-6.538851e+01
8.000000e-08	-6.471206e-09	-2.577631e-09	-5.607635e+01	-6.535790e+01
9.000000e-08	-6.449868e-09	-2.468711e-09	-5.589153e+01	-6.533879e+01
1.000000e-07	-6.425804e-09	-2.411196e-09	-5.568308e+01	-6.533049e+01
1.100000e-07	-6.399059e-09	-2.513950e-09	-5.545136e+01	-6.532712e+01
1.200000e-07	-6.370103e-09	-2.550941e-09	-5.520048e+01	-6.531934e+01
1.300000e-07	-6.339211e-09	-2.433388e-09	-5.493283e+01	-6.529724e+01
1.400000e-07	-6.306249e-09	-2.417694e-09	-5.464724e+01	-6.525367e+01
1.500000e-07	-6.271275e-09	-2.532493e-09	-5.434423e+01	-6.518692e+01
1.600000e-07	-6.234527e-09	-2.530192e-09	-5.402584e+01	-6.510200e+01
1.700000e-07	-6.195658e-09	-2.408974e-09	-5.368905e+01	-6.501005e+01
1.800000e-07	-6.154330e-09	-2.435248e-09	-5.333094e+01	-6.492589e+01
1.900000e-07	-6.110671e-09	-2.534624e-09	-5.295263e+01	-6.486451e+01
2.000000e-07	-6.064728e-09	-2.462437e-09	-5.255453e+01	-6.483719e+01
2.100000e-07	-6.016453e-09	-2.442626e-09	-5.213623e+01	-6.484852e+01
2.200000e-07	-5.965485e-09	-2.544756e-09	-5.169462e+01	-6.489502e+01
2.300000e-07	-5.911848e-09	-2.505454e-09	-5.122987e+01	-6.496566e+01
2.400000e-07	-5.855895e-09	-2.422176e-09	-5.074505e+01	-6.504436e+01
2.500000e-07	-5.797539e-09	-2.518263e-09	-5.023941e+01	-6.511354e+01
2.600000e-07	-5.736944e-09	-2.581527e-09	-4.971436e+01	-6.515801e+01
2.700000e-07	-5.674221e-09	-2.483277e-09	-4.917087e+01	-6.516813e+01
2.800000e-07	-5.609271e-09	-2.490694e-09	-4.860808e+01	-6.514141e+01
2.900000e-07	-5.542067e-09	-2.596414e-09	-4.802575e+01	-6.508238e+01
3.000000e-07	-5.472663e-09	-2.568304e-09	-4.742439e+01	-6.500085e+01
3.100000e-07	-5.401065e-09	-2.475435e-09	-4.680403e+01	-6.490906e+01
3.200000e-07	-5.327189e-09	-2.523433e-09	-4.616391e+01	-6.481856e+01
3.300000e-07	-5.251115e-09	-2.587014e-09	-4.550471e+01	-6.473774e+01
3.400000e-07	-5.172798e-09	-2.497980e-09	-4.482609e+01	-6.467038e+01
3.500000e-07	-5.092284e-09	-2.460652e-09	-4.412846e+01	-6.461566e+01
3.600000e-07	-5.009878e-09	-2.537712e-09	-4.341444e+01	-6.456920e+01
3.700000e-07	-4.925795e-09	-2.529345e-09	-4.268589e+01	-6.452492e+01
3.800000e-07	-4.840081e-09	-2.484103e-09	-4.194318e+01	-6.447689e+01
3.900000e-07	-4.752684e-09	-2.538326e-09	-4.118588e+01	-6.442071e+01
4.000000e-07	-4.663564e-09	-2.559301e-09	-4.041364e+01	-6.435418e+01
4.100000e-07	-4.572673e-09	-2.485874e-09	-3.962603e+01	-6.427700e+01
4.200000e-07	-4.480092e-09	-2.474105e-09	-3.882377e+01	-6.418996e+01
4.300000e-07	-4.385949e-09	-2.506762e-09	-3.800800e+01	-6.409389e+01
4.400000e-07	-4.290205e-09	-2.481410e-09	-3.717837e+01	-6.398877e+01
4.500000e-07	-4.192841e-09	-2.462469e-09	-3.633467e+01	-6.387341e+01
4.600000e-07	-4.093869e-09	-2.497140e-09	-3.547705e+01	-6.374566e+01
4.700000e-07	-3.993330e-09	-2.503391e-09	-3.460588e+01	-6.360304e+01
4.800000e-07	-3.891296e-09	-2.473970e-09	-3.372178e+01	-6.344357e+01
4.900000e-07	-3.787797e-09	-2.470611e-09	-3.282498e+01	-6.326637e+01
5.000000e-07	-3.682892e-09	-2.470284e-09	-3.191594e+01	-6.307181e+01
5.100000e-07	-3.576579e-09	-2.440670e-09	-3.099466e+01	-6.286117e+01
5.200000e-07	-3.468812e-09	-2.425469e-09	-3.006079e+01	-6.263591e+01
5.300000e-07	-3.359711e-09	-2.442831e-09	-2.911540e+01	-6.239678e+01
5.400000e-07	-3.249350e-09	-2.439220e-09	-2.815910e+01	-6.214308e+01
5.500000e-07	-3.137630e-09	-2.409736e-09	-2.719101e+01	-6.187245e+01
5.600000e-07	-3.024570e-09	-2.400149e-09	-2.621129e+01	-6.158107e+01
5.700000e-07	-2.910227e-09	-2.398810e-09	-2.522045e+01	-6.126432e+01
5.800000e-07	-2.794534e-09	-2.375900e-09	-2.421793e+01	-6.091760e+01
5.900000e-07	-2.677604e-09	-2.353952e-09	-2.320470e+01	-6.053702e+01
6.000000e-07	-2.559656e-09	-2.346871e-09	-2.218264e+01	-6.011969e+01
6.100000e-07	-2.440664e-09	-2.334884e-09	-2.115153e+01	-5.966344e+01
6.200000e-07	-2.320639e-09	-2.315649e-09	-2.011148e+01	-5.916607e+01
6.300000e-07	-2.199743e-09	-2.296558e-09	-1.906388e+01	-5.862447e+01
6.400000e-07	-2.078047e-09	-2.267738e-09	-1.800933e+01	-5.803366e+01
6.500000e-07	-1.955560e-09	-2.231365e-09	-1.694792e+01	-5.738626e+01
6.600000e-07	-1.832327e-09	-2.205230e-09	-1.588001e+01	-5.667235e+01
6.700000e-07	-1.708396e-09	-2.184006e-09	-1.480609e+01	-5.587971e+01
6.800000e-07	-1.583833e-09	-2.151379e-09	-1.372674e+01	-5.499420e+01
6.900000e-07	-1.458759e-09	-2.113059e-09	-1.264298e+01	-5.399994e+01
7.000000e-07	-1.333272e-09	-2.078433e-09	-1.155562e+01	-5.287898e+01
7.100000e-07	-1.207388e-09	-2.033450e-09	-1.046479e+01	-5.161060e+01
7.200000e-07	-1.081076e-09	-1.968027e-09	-9.370247e+00	-5.017022e+01
7.300000e-07	-9.543736e-10	-1.895708e-09	-8.272317e+00	-4.852860e+01
7.400000e-07	-8.273595e-10	-1.823150e-09	-7.171685e+00	-4.665178e+01
7.500000e-07	-7.000457e-10	-1.742869e-09	-6.068469e+00	-4.450251e+01
7.600000e-07	-5.724802e-10	-1.650975e-09	-4.963097e+00	-4.204330e+01
7.700000e-07	-4.447447e-10	-1.545679e-09	-3.856260e+00	-3.924101e+01
7.800000e-07	-3.168641e-10	-1.425726e-09	-2.748156e+00	-3.607241e+01
7.900000e-07	-1.888583e-10	-1.293809e-09	-1.638962e+00	-3.252973e+01
8.000000e-07	-6.078370e-11	-1.147145e-09	-5.291656e-01	-2.862479e+01
8.100000e-07	6.731792e-11	-9.767567e-10	5.808708e-01	-2.439094e+01
8.200000e-07	1.954295e-10	-7.897893e-10	1.690996e+00	-1.988180e+01
8.300000e-07	3.235239e-10	-6.035903e-10	2.800982e+00	-1.516698e+01
8.400000e-07	4.515519e-10	-4.201479e-10	3.910386e+00	-1.032522e+01
8.500000e-07	5.794837e-10	-2.348664e-10	5.018941e+00	-5.436379e+00
8.600000e-07	7.072785e-10	-4.826812e-11	6.126304e+00	-5.735570e-01
8.700000e-07	8.348600e-10	1.348153e-10	7.231822e+00	4.202939e+00
8.800000e-07	9.621573e-10	3.133345e-10	8.334901e+00	8.848811e+00
8.900000e-07	1.089097e-09	4.867038e-10	9.434926e+00	1.333571e+01
9.000000e-07	1.215604e-09	6.542708e-10	1.053122e+01	1.764827e+01
9.100000e-07	1.341652e-09	8.177695e-10	1.162351e+01	2.177917e+01
9.200000e-07	1.467253e-09	9.748131e-10	1.271188e+01	2.572379e+01
9.300000e-07	1.592405e-09	1.120665e-09	1.379636e+01	2.947568e+01
9.400000e-07	1.717016e-09	1.254714e-09	1.487617e+01	3.302407e+01
9.500000e-07	1.840911e-09	1.381085e-09	1.594980e+01	3.635392e+01
9.600000e-07	1.964013e-09	1.498020e-09	1.701656e+01	3.944813e+01
9.700000e-07	2.086340e-09	1.603849e-09	1.807663e+01	4.229122e+01
9.800000e-07	2.207840e-09	1.699538e-09	1.912953e+01	4.487329e+01
9.900000e-07	2.328453e-09	1.785792e-09	2.017472e+01	4.719293e+01
1.000000e-06	2.448141e-09	1.865885e-09	2.121189e+01	4.925850e+01
1.010000e-06	2.566809e-09	1.939766e-09	2.224022e+01	5.108719e+01
1.020000e-06	2.684431e-09	2.002893e-09	2.325948e+01	5.270234e+01
1.030000e-06	2.800949e-09	2.053996e-09	2.426918e+01	5.412973e+01
1.040000e-06	2.916247e-09	2.099758e-09	2.526833e+01	5.539391e+01
1.050000e-06	3.030291e-09	2.144390e-09	2.625663e+01	5.651549e+01
1.060000e-06	3.143092e-09	2.183357e-09	2.723416e+01	5.750991e+01
1.070000e-06	3.254652e-09	2.211263e-09	2.820093e+01	5.838804e+01
1.080000e-06	3.364995e-09	2.232498e-09	2.915712e+01	5.915791e+01
1.090000e-06	3.474205e-09	2.255497e-09	3.010346e+01	5.982704e+01
1.100000e-06	3.582228e-09	2.278058e-09	3.103953e+01	6.040450e+01
1.110000e-06	3.688907e-09	2.295502e-09	3.196399e+01	6.090190e+01
1.120000e-06	3.794218e-09	2.310644e-09	3.287659e+01	6.133315e+01
1.130000e-06	3.898126e-09	2.328540e-09	3.377704e+01	6.171300e+01
1.140000e-06	4.000582e-09	2.346895e-09	3.466491e+01	6.205496e+01
1.150000e-06	4.101621e-09	2.358898e-09	3.554049e+01	6.236933e+01
1.160000e-06	4.201161e-09	2.364028e-09	3.640308e+01	6.266194e+01
1.170000e-06	4.299102e-09	2.369180e-09	3.725180e+01	6.293413e+01
1.180000e-06	4.395402e-09	2.377684e-09	3.808630e+01	6.318394e+01
1.190000e-06	4.490024e-09	2.384075e-09	3.890626e+01	6.340815e+01
1.200000e-06	4.583075e-09	2.387858e-09	3.971259e+01	6.360457e+01
1.210000e-06	4.674548e-09	2.395098e-09	4.050528e+01	6.377370e+01
1.220000e-06	4.764252e-09	2.405375e-09	4.128267e+01	6.391950e+01
1.230000e-06	4.852073e-09	2.411192e-09	4.204374e+01	6.404873e+01
1.240000e-06	4.938064e-09	2.411899e-09	4.278894e+01	6.416934e+01
1.250000e-06	5.022299e-09	2.413152e-09	4.351890e+01	6.428835e+01
1.260000e-06	5.104674e-09	2.416081e-09	4.423278e+01	6.440982e+01
1.270000e-06	5.185030e-09	2.419180e-09	4.492919e+01	6.453385e+01
1.280000e-06	5.263335e-09	2.421316e-09	4.560779e+01	6.465667e+01
1.290000e-06	5.339542e-09	2.422921e-09	4.626820e+01	6.477204e+01
1.300000e-06	5.413518e-09	2.425615e-09	4.690933e+01	6.487345e+01
1.310000e-06	5.485291e-09	2.428501e-09	4.753135e+01	6.495638e+01
1.320000e-06	5.554994e-09	2.428084e-09	4.813541e+01	6.502004e+01
1.330000e-06	5.622648e-09	2.424399e-09	4.872170e+01	6.506786e+01
1.340000e-06	5.688126e-09	2.421212e-09	4.928914e+01	6.510666e+01
1.350000e-06	5.751411e-09	2.420822e-09	4.983756e+01	6.514472e+01
1.360000e-06	5.812663e-09	2.422783e-09	5.036838e+01	6.518926e+01
1.370000e-06	5.871872e-09	2.425398e-09	5.088150e+01	6.524421e+01
1.380000e-06	5.928860e-09	2.426510e-09	5.137539e+01	6.530896e+01
1.390000e-06	5.983604e-09	2.424790e-09	5.184983e+01	6.537849e+01
1.400000e-06	6.035988e-09	2.421310e-09	5.230383e+01	6.544487e+01
1.410000e-06	6.085739e-09	2.418299e-09	5.273500e+01	6.549975e+01
1.420000e-06	6.132948e-09	2.416687e-09	5.314412e+01	6.553703e+01
1.430000e-06	6.177955e-09	2.415979e-09	5.353416e+01	6.555489e+01
1.440000e-06	6.220762e-09	2.415991e-09	5.390517e+01	6.555662e+01
1.450000e-06	6.261166e-09	2.416542e-09	5.425536e+01	6.554978e+01
1.460000e-06	6.299263e-09	2.417970e-09	5.458552e+01	6.554414e+01
1.470000e-06	6.335215e-09	2.418453e-09	5.489711e+01	6.554878e+01
1.480000e-06	6.368795e-09	2.414621e-09	5.518815e+01	6.556938e+01
1.490000e-06	6.399915e-09	2.408545e-09	5.545786e+01	6.560643e+01
1.500000e-06	6.428811e-09	2.406724e-09	5.570828e+01	6.565498e+01
1.510000e-06	6.455363e-09	2.409237e-09	5.593842e+01	6.570599e+01
1.520000e-06	6.479335e-09	2.410683e-09	5.614619e+01	6.574890e+01
1.530000e-06	6.500877e-09	2.410211e-09	5.633289e+01	6.577475e+01
1.540000e-06	6.520151e-09	2.408766e-09	5.649994e+01	6.577884e+01
1.550000e-06	6.536924e-09	2.407226e-09	5.664531e+01	6.576208e+01
1.560000e-06	6.551064e-09	2.404145e-09	5.676789e+01	6.573087e+01
1.570000e-06	6.562549e-09	2.397768e-09	5.686747e+01	6.569518e+01
1.580000e-06	6.571277e-09	2.392591e-09	5.694317e+01	6.566572e+01
1.590000e-06	6.577445e-09	2.391559e-09	5.699667e+01	6.565086e+01
1.600000e-06	6.581266e-09	2.392018e-09	5.702985e+01	6.565422e+01
1.610000e-06	6.582604e-09	2.390272e-09	5.704150e+01	6.567377e+01
1.620000e-06	6.581470e-09	2.393616e-09	5.703170e+01	6.570250e+01
1.630000e-06	6.578174e-09	2.411817e-09	5.700314e+01	6.573069e+01
1.640000e-06	6.572632e-09	2.418723e-09	5.695514e+01	6.574879e+01
1.650000e-06	6.564722e-09	2.409479e-09	5.688662e+01	6.575035e+01
1.660000e-06	6.554588e-09	2.415722e-09	5.679883e+01	6.573382e+01
1.670000e-06	6.542131e-09	2.421444e-09	5.669091e+01	6.570285e+01
1.680000e-06	6.527234e-09	2.404145e-09	5.656185e+01	6.566496e+01
1.690000e-06	6.510200e-09	2.415097e-09	5.641427e+01	6.562895e+01
1.700000e-06	6.491269e-09	2.522074e-09	5.625025e+01	6.560190e+01
1.710000e-06	6.469932e-09	2.587052e-09	5.606542e+01	6.558672e+01
1.720000e-06	6.445480e-09	2.483842e-09	5.585359e+01	6.558098e+01
1.730000e-06	6.418128e-09	2.445867e-09	5.561662e+01	6.557743e+01
1.740000e-06	6.388335e-09	2.568734e-09	5.535851e+01	6.556618e+01
1.750000e-06	6.356257e-09	2.574109e-09	5.508058e+01	6.553786e+01
1.760000e-06	6.322263e-09	2.469959e-09	5.478603e+01	6.548683e+01
1.770000e-06	6.286729e-09	2.523233e-09	5.447816e+01	6.541349e+01
1.780000e-06	6.249320e-09	2.616219e-09	5.415409e+01	6.532498e+01
1.790000e-06	6.209489e-09	2.558169e-09	5.380900e+01	6.523394e+01
1.800000e-06	6.167413e-09	2.585725e-09	5.344443e+01	6.515570e+01
1.810000e-06	6.123157e-09	2.676228e-09	5.306099e+01	6.510442e+01
1.820000e-06	6.076564e-09	2.605438e-09	5.265730e+01	6.508953e+01
1.830000e-06	6.027540e-09	2.568381e-09	5.223255e+01	6.511306e+01
1.840000e-06	5.976019e-09	2.678182e-09	5.178615e+01	6.516895e+01
1.850000e-06	5.922012e-09	2.729261e-09	5.131818e+01	6.524420e+01
1.860000e-06	5.865496e-09	2.639254e-09	5.082846e+01	6.532184e+01
1.870000e-06	5.806732e-09	2.651990e-09	5.031926e+01	6.538464e+01
1.880000e-06	5.745713e-09	2.728715e-09	4.979055e+01	6.541892e+01
1.890000e-06	5.682266e-09	2.692812e-09	4.924079e+01	6.541722e+01
1.900000e-06	5.616589e-09	2.632889e-09	4.867170e+01	6.537944e+01
1.910000e-06	5.548761e-09	2.651238e-09	4.808395e+01	6.531205e+01
1.920000e-06	5.478711e-09	2.688118e-09	4.747696e+01	6.522598e+01
1.930000e-06	5.406392e-09	2.602591e-09	4.685032e+01	6.513358e+01
1.940000e-06	5.331958e-09	2.608690e-09	4.620533e+01	6.504560e+01
1.950000e-06	5.255351e-09	2.715287e-09	4.554149e+01	6.496904e+01
1.960000e-06	5.176436e-09	2.686432e-09	4.485766e+01	6.490616e+01
1.970000e-06	5.095520e-09	2.628815e-09	4.415651e+01	6.485481e+01
1.980000e-06	5.012811e-09	2.672286e-09	4.343984e+01	6.480987e+01
1.990000e-06	4.928319e-09	2.672345e-09	4.270773e+01	6.476510e+01
2.000000e-06	4.841953e-09	2.584904e-09	4.195936e+01	6.471494e+01
2.010000e-06	4.753715e-09	2.595150e-09	4.119478e+01	6.465569e+01
2.020000e-06	4.663802e-09	2.650642e-09	4.041571e+01	6.458582e+01
2.030000e-06	4.572308e-09	2.644176e-09	3.962294e+01	6.450548e+01
2.040000e-06	4.479187e-09	2.633737e-09	3.881605e+01	6.441560e+01
2.050000e-06	4.384368e-09	2.656314e-09	3.799444e+01	6.431679e+01
2.060000e-06	4.287937e-09	2.640711e-09	3.715886e+01	6.420869e+01
2.070000e-06	4.190060e-09	2.599335e-09	3.631075e+01	6.408973e+01
2.080000e-06	4.090684e-09	2.597584e-09	3.544967e+01	6.395758e+01
2.090000e-06	3.989734e-09	2.605185e-09	3.457491e+01	6.380984e+01
2.100000e-06	3.887257e-09	2.589132e-09	3.368693e+01	6.364482e+01
2.110000e-06	3.783210e-09	2.580830e-09	3.278536e+01	6.346207e+01
2.120000e-06	3.677697e-09	2.596825e-09	3.187106e+01	6.326229e+01
2.130000e-06	3.570883e-09	2.585142e-09	3.094550e+01	6.304693e+01
2.140000e-06	3.462728e-09	2.553081e-09	3.000832e+01	6.281731e+01
2.150000e-06	3.353206e-09	2.543865e-09	2.905926e+01	6.257377e+01
2.160000e-06	3.242338e-09	2.544913e-09	2.809855e+01	6.231508e+01
2.170000e-06	3.130142e-09	2.528450e-09	2.712636e+01	6.203838e+01
2.180000e-06	3.016622e-09	2.518812e-09	2.614269e+01	6.173948e+01
2.190000e-06	2.901742e-09	2.520381e-09	2.514724e+01	6.141369e+01
2.200000e-06	2.785621e-09	2.505117e-09	2.414101e+01	6.105659e+01
2.210000e-06	2.668375e-09	2.476703e-09	2.312500e+01	6.066459e+01
2.220000e-06	2.549976e-09	2.451217e-09	2.209899e+01	6.023509e+01
2.230000e-06	2.430487e-09	2.429602e-09	2.106357e+01	5.976600e+01
2.240000e-06	2.309995e-09	2.410149e-09	2.001949e+01	5.925495e+01
2.250000e-06	2.188628e-09	2.400042e-09	1.896782e+01	5.869830e+01
2.260000e-06	2.066489e-09	2.388395e-09	1.790943e+01	5.809035e+01
2.270000e-06	1.943647e-09	2.361928e-09	1.684494e+01	5.742289e+01
2.280000e-06	1.820097e-09	2.327162e-09	1.577433e+01	5.668523e+01
2.290000e-06	1.695856e-09	2.289865e-09	1.469776e+01	5.586449e+01
2.300000e-06	1.571100e-09	2.246062e-09	1.361674e+01	5.494596e+01
2.310000e-06	1.445871e-09	2.197815e-09	1.253157e+01	5.391317e+01
2.320000e-06	1.320125e-09	2.153988e-09	1.144189e+01	5.274737e+01
2.330000e-06	1.193927e-09	2.110557e-09	1.034831e+01	5.142671e+01
2.340000e-06	1.067394e-09	2.057308e-09	9.251823e+00	4.992519e+01
2.350000e-06	9.405595e-10	1.992628e-09	8.152717e+00	4.821199e+01
2.360000e-06	8.134094e-10	1.916052e-09	7.050876e+00	4.625188e+01
2.370000e-06	6.859668e-10	1.822108e-09	5.946514e+00	4.400709e+01
2.380000e-06	5.582518e-10	1.713012e-09	4.839800e+00	4.144098e+01
2.390000e-06	4.302966e-10	1.594344e-09	3.731002e+00	3.852296e+01
2.400000e-06	3.021387e-10	1.465618e-09	2.620476e+00	3.523421e+01
2.410000e-06	1.738169e-10	1.325576e-09	1.508559e+00	3.157290e+01
2.420000e-06	4.537120e-11	1.173347e-09	3.955649e-01	2.755769e+01
2.430000e-06	-8.314579e-11	1.006218e-09	-7.180511e-01	2.322875e+01
2.440000e-06	-2.116672e-10	8.244280e-10	-1.831717e+00	1.864543e+01
2.450000e-06	-3.401377e-10	6.361622e-10	-2.944976e+00	1.388112e+01
2.460000e-06	-4.685004e-10	4.422619e-10	-4.057294e+00	9.015815e+00
2.470000e-06	-5.967100e-10	2.470795e-10	-5.168281e+00	4.128000e+00
2.480000e-06	-7.247110e-10	6.135632e-11	-6.277483e+00	-7.127961e-01
2.490000e-06	-8.524181e-10	-1.180147e-10	-7.384140e+00	-5.451219e+00
2.500000e-06	-9.797755e-10	-2.963869e-10	-8.487790e+00	-1.004826e+01
2.510000e-06	-1.106787e-09	-4.715536e-10	-9.588456e+00	-1.448018e+01
2.520000e-06	-1.233430e-09	-6.403663e-10	-1.068592e+01	-1.873479e+01
2.530000e-06	-1.359632e-09	-8.048195e-10	-1.177958e+01	-2.280622e+01
2.540000e-06	-1.485308e-09	-9.627841e-10	-1.286868e+01	-2.668965e+01
2.550000e-06	-1.610393e-09	-1.108381e-09	-1.395262e+01	-3.037741e+01
2.560000e-06	-1.734863e-09	-1.242164e-09	-1.503120e+01	-3.385724e+01
2.570000e-06	-1.858634e-09	-1.366464e-09	-1.610372e+01	-3.711309e+01
2.580000e-06	-1.981594e-09	-1.483414e-09	-1.716923e+01	-4.012796e+01
2.590000e-06	-2.103724e-09	-1.594628e-09	-1.822758e+01	-4.288775e+01
2.600000e-06	-2.225037e-09	-1.698932e-09	-1.927882e+01	-4.538503e+01
2.610000e-06	-2.345430e-09	-1.793511e-09	-2.032206e+01	-4.762152e+01
2.620000e-06	-2.464770e-09	-1.877055e-09	-2.135621e+01	-4.960859e+01
2.630000e-06	-2.583044e-09	-1.948781e-09	-2.238117e+01	-5.136578e+01
2.640000e-06	-2.700242e-09	-2.008735e-09	-2.339682e+01	-5.291763e+01
2.650000e-06	-2.816311e-09	-2.060327e-09	-2.440265e+01	-5.428992e+01
2.660000e-06	-2.931100e-09	-2.107467e-09	-2.539741e+01	-5.550614e+01
2.670000e-06	-3.044545e-09	-2.152658e-09	-2.638053e+01	-5.658528e+01
2.680000e-06	-3.156729e-09	-2.194398e-09	-2.735271e+01	-5.754120e+01
2.690000e-06	-3.267650e-09	-2.233294e-09	-2.831388e+01	-5.838361e+01
2.700000e-06	-3.377327e-09	-2.268249e-09	-2.926426e+01	-5.912011e+01
2.710000e-06	-3.485821e-09	-2.295860e-09	-3.020441e+01	-5.975856e+01
2.720000e-06	-3.593151e-09	-2.317855e-09	-3.113448e+01	-6.030877e+01
2.730000e-06	-3.699286e-09	-2.335904e-09	-3.205422e+01	-6.078320e+01
2.740000e-06	-3.804115e-09	-2.353765e-09	-3.296267e+01	-6.119621e+01
2.750000e-06	-3.907477e-09	-2.372657e-09	-3.385843e+01	-6.156241e+01
2.760000e-06	-4.009332e-09	-2.388690e-09	-3.474107e+01	-6.189446e+01
2.770000e-06	-4.109694e-09	-2.399688e-09	-3.561076e+01	-6.220131e+01
2.780000e-06	-4.208552e-09	-2.409660e-09	-3.646743e+01	-6.248728e+01
2.790000e-06	-4.305972e-09	-2.420936e-09	-3.731162e+01	-6.275247e+01
2.800000e-06	-4.401867e-09	-2.430555e-09	-3.814261e+01	-6.299428e+01
2.810000e-06	-4.496098e-09	-2.439894e-09	-3.895919e+01	-6.320957e+01
2.820000e-06	-4.588653e-09	-2.451980e-09	-3.976124e+01	-6.339688e+01
2.830000e-06	-4.679494e-09	-2.465506e-09	-4.054841e+01	-6.355781e+01
2.840000e-06	-4.768587e-09	-2.476258e-09	-4.132048e+01	-6.369732e+01
2.850000e-06	-4.855815e-09	-2.480928e-09	-4.207641e+01	-6.382279e+01
2.860000e-06	-4.941099e-09	-2.481663e-09	-4.281547e+01	-6.394212e+01
2.870000e-06	-5.024513e-09	-2.483538e-09	-4.353831e+01	-6.406153e+01
2.880000e-06	-5.106118e-09	-2.488404e-09	-4.424547e+01	-6.418390e+01
2.890000e-06	-5.185783e-09	-2.495056e-09	-4.493584e+01	-6.430798e+01
2.900000e-06	-5.263246e-09	-2.502994e-09	-4.560714e+01	-6.442903e+01
2.910000e-06	-5.338457e-09	-2.512658e-09	-4.625891e+01	-6.454045e+01
2.920000e-06	-5.411561e-09	-2.524770e-09	-4.689244e+01	-6.463614e+01
2.930000e-06	-5.482579e-09	-2.534031e-09	-4.750789e+01	-6.471264e+01
2.940000e-06	-5.551431e-09	-2.535249e-09	-4.810456e+01	-6.477052e+01
2.950000e-06	-5.618177e-09	-2.533965e-09	-4.868298e+01	-6.481446e+01
2.960000e-06	-5.682906e-09	-2.536932e-09	-4.924391e+01	-6.485200e+01
2.970000e-06	-5.745521e-09	-2.542459e-09	-4.978651e+01	-6.489135e+01
2.980000e-06	-5.805899e-09	-2.545323e-09	-5.030977e+01	-6.493889e+01
2.990000e-06	-5.864094e-09	-2.548283e-09	-5.081412e+01	-6.499717e+01
3.000000e-06	-5.920189e-09	-2.555599e-09	-5.130024e+01	-6.506406e+01
3.010000e-06	-5.973995e-09	-2.564870e-09	-5.176653e+01	-6.513340e+01
3.020000e-06	-6.025270e-09	-2.571406e-09	-5.221091e+01	-6.519682e+01
3.030000e-06	-6.073929e-09	-2.573776e-09	-5.263263e+01	-6.524641e+01
3.040000e-06	-6.120188e-09	-2.576400e-09	-5.303353e+01	-6.527729e+01
3.050000e-06	-6.164431e-09	-2.581176e-09	-5.341694e+01	-6.528925e+01
3.060000e-06	-6.206650e-09	-2.582979e-09	-5.378282e+01	-6.528712e+01
3.070000e-06	-6.246726e-09	-2.578907e-09	-5.413017e+01	-6.527946e+01
3.080000e-06	-6.284488e-09	-2.577082e-09	-5.445747e+01	-6.527613e+01
3.090000e-06	-6.319862e-09	-2.580714e-09	-5.476405e+01	-6.528538e+01
3.100000e-06	-6.352945e-09	-2.584795e-09	-5.505076e+01	-6.531137e+01
3.110000e-06	-6.383599e-09	-2.591743e-09	-5.531643e+01	-6.535277e+01
3.120000e-06	-6.411771e-09	-2.601103e-09	-5.556059e+01	-6.540311e+01
3.130000e-06	-6.437581e-09	-2.605065e-09	-5.578429e+01	-6.545253e+01
3.140000e-06	-6.460981e-09	-2.604590e-09	-5.598707e+01	-6.549066e+01
3.150000e-06	-6.481876e-09	-2.605555e-09	-5.616816e+01	-6.550965e+01
3.160000e-06	-6.500373e-09	-2.604276e-09	-5.632849e+01	-6.550653e+01
3.170000e-06	-6.516446e-09	-2.600605e-09	-5.646783e+01	-6.548409e+01
3.180000e-06	-6.529769e-09	-2.604220e-09	-5.658332e+01	-6.545013e+01
3.190000e-06	-6.540379e-09	-2.612669e-09	-5.667530e+01	-6.541521e+01
3.200000e-06	-6.548537e-09	-2.616110e-09	-5.674603e+01	-6.538960e+01
3.210000e-06	-6.554148e-09	-2.617178e-09	-5.679468e+01	-6.538035e+01
3.220000e-06	-6.557277e-09	-2.621940e-09	-5.682181e+01	-6.538929e+01
3.230000e-06	-6.558097e-09	-2.625098e-09	-5.682894e+01	-6.541262e+01
