# Temperatura_=_20.0
# Concentracion g/m^3_=_1000.0
# C_Vs_to_Am_M_A/Vsm_=_25649819763.59163
# pendiente_HvsI_1/m_=_3716.3
# ordenada_HvsI_A/m_=_1297.0
# frecuencia_Hz_=_309354.39029209287
# Promedio de 25 ciclos

Tiempo_(s)	Campo_(V.s)	Magnetizacion_(V.s)	Campo_(kA/m)	Magnetizacion_(A/m)
0.000000e+00	-6.472108e-09	-3.502929e-09	-5.677289e+01	-8.465835e+01
1.000000e-08	-6.468754e-09	-3.491596e-09	-5.674335e+01	-8.471267e+01
2.000000e-08	-6.463093e-09	-3.491827e-09	-5.669362e+01	-8.475184e+01
3.000000e-08	-6.455268e-09	-3.495958e-09	-5.662494e+01	-8.476536e+01
4.000000e-08	-6.445095e-09	-3.486980e-09	-5.653571e+01	-8.474625e+01
5.000000e-08	-6.432488e-09	-3.483006e-09	-5.642514e+01	-8.469339e+01
6.000000e-08	-6.417427e-09	-3.489781e-09	-5.629299e+01	-8.461227e+01
7.000000e-08	-6.399988e-09	-3.490747e-09	-5.613999e+01	-8.451396e+01
8.000000e-08	-6.380468e-09	-3.461657e-09	-5.596873e+01	-8.441245e+01
9.000000e-08	-6.358658e-09	-3.372602e-09	-5.577733e+01	-8.432101e+01
1.000000e-07	-6.334116e-09	-3.326964e-09	-5.556196e+01	-8.424860e+01
1.100000e-07	-6.306976e-09	-3.413131e-09	-5.532389e+01	-8.419732e+01
1.200000e-07	-6.277708e-09	-3.448096e-09	-5.506719e+01	-8.416159e+01
1.300000e-07	-6.246526e-09	-3.361683e-09	-5.479365e+01	-8.412934e+01
1.400000e-07	-6.213268e-09	-3.349491e-09	-5.450193e+01	-8.408490e+01
1.500000e-07	-6.178004e-09	-3.421568e-09	-5.419261e+01	-8.401292e+01
1.600000e-07	-6.141005e-09	-3.423815e-09	-5.386798e+01	-8.390211e+01
1.700000e-07	-6.101954e-09	-3.346729e-09	-5.352535e+01	-8.374804e+01
1.800000e-07	-6.060446e-09	-3.341020e-09	-5.316127e+01	-8.355402e+01
1.900000e-07	-6.016646e-09	-3.353237e-09	-5.277708e+01	-8.333008e+01
2.000000e-07	-5.970662e-09	-3.255526e-09	-5.237365e+01	-8.309016e+01
2.100000e-07	-5.922354e-09	-3.224045e-09	-5.194979e+01	-8.284836e+01
2.200000e-07	-5.871407e-09	-3.261115e-09	-5.150279e+01	-8.261525e+01
2.300000e-07	-5.817787e-09	-3.188695e-09	-5.103235e+01	-8.239522e+01
2.400000e-07	-5.761863e-09	-3.145543e-09	-5.054171e+01	-8.218542e+01
2.500000e-07	-5.703595e-09	-3.248698e-09	-5.003048e+01	-8.197663e+01
2.600000e-07	-5.643058e-09	-3.263726e-09	-4.949940e+01	-8.175568e+01
2.700000e-07	-5.580430e-09	-3.158205e-09	-4.895000e+01	-8.150869e+01
2.800000e-07	-5.515633e-09	-3.162190e-09	-4.838143e+01	-8.122441e+01
2.900000e-07	-5.448630e-09	-3.212510e-09	-4.779349e+01	-8.089656e+01
3.000000e-07	-5.379437e-09	-3.176560e-09	-4.718647e+01	-8.052490e+01
3.100000e-07	-5.308105e-09	-3.146153e-09	-4.656075e+01	-8.011463e+01
3.200000e-07	-5.234588e-09	-3.161503e-09	-4.591580e+01	-7.967466e+01
3.300000e-07	-5.158886e-09	-3.142309e-09	-4.525170e+01	-7.921500e+01
3.400000e-07	-5.080979e-09	-3.087785e-09	-4.456826e+01	-7.874439e+01
3.500000e-07	-5.000899e-09	-3.066225e-09	-4.386576e+01	-7.826841e+01
3.600000e-07	-4.918891e-09	-3.057007e-09	-4.314638e+01	-7.778872e+01
3.700000e-07	-4.835180e-09	-3.022734e-09	-4.241205e+01	-7.730343e+01
3.800000e-07	-4.749869e-09	-3.016662e-09	-4.166366e+01	-7.680827e+01
3.900000e-07	-4.662949e-09	-3.036635e-09	-4.090114e+01	-7.629812e+01
4.000000e-07	-4.574349e-09	-3.004103e-09	-4.012394e+01	-7.576850e+01
4.100000e-07	-4.484022e-09	-2.935005e-09	-3.933159e+01	-7.521643e+01
4.200000e-07	-4.392006e-09	-2.906041e-09	-3.852436e+01	-7.464065e+01
4.300000e-07	-4.298420e-09	-2.905337e-09	-3.770342e+01	-7.404114e+01
4.400000e-07	-4.203300e-09	-2.883725e-09	-3.686901e+01	-7.341826e+01
4.500000e-07	-4.106595e-09	-2.860233e-09	-3.602065e+01	-7.277191e+01
4.600000e-07	-4.008364e-09	-2.849742e-09	-3.515892e+01	-7.210090e+01
4.700000e-07	-3.908612e-09	-2.823088e-09	-3.428377e+01	-7.140288e+01
4.800000e-07	-3.807341e-09	-2.778202e-09	-3.339540e+01	-7.067465e+01
4.900000e-07	-3.704671e-09	-2.730489e-09	-3.249482e+01	-6.991281e+01
5.000000e-07	-3.600617e-09	-2.684692e-09	-3.158193e+01	-6.911439e+01
5.100000e-07	-3.495145e-09	-2.651462e-09	-3.065669e+01	-6.827723e+01
5.200000e-07	-3.388278e-09	-2.641704e-09	-2.971925e+01	-6.739992e+01
5.300000e-07	-3.280045e-09	-2.633334e-09	-2.876971e+01	-6.648134e+01
5.400000e-07	-3.170565e-09	-2.595088e-09	-2.780927e+01	-6.551994e+01
5.500000e-07	-3.059850e-09	-2.536695e-09	-2.683800e+01	-6.451307e+01
5.600000e-07	-2.947836e-09	-2.480565e-09	-2.585527e+01	-6.345650e+01
5.700000e-07	-2.834557e-09	-2.425976e-09	-2.486157e+01	-6.234443e+01
5.800000e-07	-2.720013e-09	-2.368277e-09	-2.385687e+01	-6.116993e+01
5.900000e-07	-2.604242e-09	-2.320008e-09	-2.284130e+01	-5.992571e+01
6.000000e-07	-2.487378e-09	-2.287410e-09	-2.181606e+01	-5.860486e+01
6.100000e-07	-2.369526e-09	-2.252875e-09	-2.078220e+01	-5.720142e+01
6.200000e-07	-2.250697e-09	-2.199786e-09	-1.973980e+01	-5.571042e+01
6.300000e-07	-2.130938e-09	-2.124349e-09	-1.868926e+01	-5.412751e+01
6.400000e-07	-2.010360e-09	-2.034669e-09	-1.763153e+01	-5.244809e+01
6.500000e-07	-1.889019e-09	-1.947980e-09	-1.656708e+01	-5.066647e+01
6.600000e-07	-1.767002e-09	-1.873261e-09	-1.549674e+01	-4.877511e+01
6.700000e-07	-1.644417e-09	-1.801274e-09	-1.442140e+01	-4.676440e+01
6.800000e-07	-1.521283e-09	-1.724007e-09	-1.334118e+01	-4.462308e+01
6.900000e-07	-1.397597e-09	-1.644178e-09	-1.225606e+01	-4.233915e+01
7.000000e-07	-1.273366e-09	-1.556000e-09	-1.116620e+01	-3.990120e+01
7.100000e-07	-1.148645e-09	-1.448990e-09	-1.007208e+01	-3.729965e+01
7.200000e-07	-1.023527e-09	-1.325363e-09	-8.974485e+00	-3.452779e+01
7.300000e-07	-8.981150e-10	-1.198731e-09	-7.874335e+00	-3.158231e+01
7.400000e-07	-7.724884e-10	-1.076922e-09	-6.772325e+00	-2.846337e+01
7.500000e-07	-6.466697e-10	-9.540584e-10	-5.668628e+00	-2.517438e+01
7.600000e-07	-5.206840e-10	-8.223136e-10	-4.563412e+00	-2.172177e+01
7.700000e-07	-3.945569e-10	-6.788365e-10	-3.456981e+00	-1.811514e+01
7.800000e-07	-2.683019e-10	-5.307604e-10	-2.349453e+00	-1.436775e+01
7.900000e-07	-1.419276e-10	-3.805287e-10	-1.240877e+00	-1.049758e+01
8.000000e-07	-1.545062e-11	-2.223755e-10	-1.314242e-01	-6.528402e+00
8.100000e-07	1.110644e-10	-6.148050e-11	9.783996e-01	-2.490593e+00
8.200000e-07	2.375524e-10	9.493260e-11	2.088058e+00	1.578918e+00
8.300000e-07	3.639855e-10	2.484345e-10	3.197200e+00	5.637945e+00
8.400000e-07	4.903405e-10	4.046229e-10	4.305651e+00	9.641665e+00
8.500000e-07	6.165755e-10	5.635640e-10	5.413078e+00	1.354634e+01
8.600000e-07	7.426497e-10	7.187336e-10	6.519066e+00	1.731352e+01
8.700000e-07	8.685327e-10	8.655629e-10	7.623340e+00	2.091395e+01
8.800000e-07	9.941931e-10	9.994832e-10	8.725627e+00	2.433030e+01
8.900000e-07	1.119595e-09	1.119559e-09	9.825653e+00	2.755804e+01
9.000000e-07	1.244684e-09	1.231239e-09	1.092290e+01	3.060424e+01
9.100000e-07	1.369366e-09	1.337152e-09	1.201661e+01	3.348451e+01
9.200000e-07	1.493496e-09	1.440984e-09	1.310558e+01	3.621858e+01
9.300000e-07	1.616978e-09	1.548649e-09	1.418889e+01	3.882572e+01
9.400000e-07	1.739813e-09	1.659685e-09	1.526643e+01	4.132077e+01
9.500000e-07	1.861985e-09	1.765622e-09	1.633807e+01	4.371176e+01
9.600000e-07	1.983436e-09	1.858599e-09	1.740338e+01	4.599943e+01
9.700000e-07	2.104117e-09	1.937962e-09	1.846198e+01	4.817878e+01
9.800000e-07	2.223947e-09	2.009183e-09	1.951316e+01	5.024188e+01
9.900000e-07	2.342804e-09	2.077485e-09	2.055585e+01	5.218132e+01
1.000000e-06	2.460664e-09	2.143789e-09	2.158979e+01	5.399318e+01
1.010000e-06	2.577523e-09	2.209432e-09	2.261496e+01	5.567898e+01
1.020000e-06	2.693272e-09	2.278064e-09	2.363034e+01	5.724596e+01
1.030000e-06	2.807866e-09	2.345916e-09	2.463549e+01	5.870594e+01
1.040000e-06	2.921283e-09	2.403189e-09	2.563029e+01	6.007308e+01
1.050000e-06	3.033467e-09	2.450027e-09	2.661428e+01	6.136126e+01
1.060000e-06	3.144426e-09	2.494551e-09	2.758762e+01	6.258188e+01
1.070000e-06	3.254278e-09	2.537553e-09	2.855123e+01	6.374255e+01
1.080000e-06	3.363077e-09	2.576202e-09	2.950551e+01	6.484701e+01
1.090000e-06	3.470660e-09	2.613743e-09	3.044918e+01	6.589616e+01
1.100000e-06	3.576914e-09	2.653856e-09	3.138118e+01	6.688967e+01
1.110000e-06	3.681833e-09	2.694318e-09	3.230140e+01	6.782777e+01
1.120000e-06	3.785357e-09	2.731670e-09	3.320941e+01	6.871243e+01
1.130000e-06	3.887511e-09	2.764457e-09	3.410545e+01	6.954784e+01
1.140000e-06	3.988330e-09	2.793970e-09	3.498974e+01	7.033987e+01
1.150000e-06	4.087656e-09	2.822727e-09	3.586094e+01	7.109498e+01
1.160000e-06	4.185403e-09	2.850674e-09	3.671825e+01	7.181879e+01
1.170000e-06	4.281564e-09	2.877620e-09	3.756164e+01	7.251499e+01
1.180000e-06	4.376133e-09	2.904153e-09	3.839107e+01	7.318488e+01
1.190000e-06	4.469210e-09	2.930218e-09	3.920743e+01	7.382766e+01
1.200000e-06	4.560736e-09	2.955262e-09	4.001023e+01	7.444137e+01
1.210000e-06	4.650555e-09	2.977649e-09	4.079806e+01	7.502425e+01
1.220000e-06	4.738556e-09	2.996473e-09	4.156993e+01	7.557580e+01
1.230000e-06	4.824733e-09	3.014086e-09	4.232577e+01	7.609746e+01
1.240000e-06	4.909167e-09	3.034090e-09	4.306633e+01	7.659246e+01
1.250000e-06	4.991773e-09	3.056287e-09	4.379090e+01	7.706504e+01
1.260000e-06	5.072418e-09	3.076493e-09	4.449830e+01	7.751928e+01
1.270000e-06	5.151070e-09	3.092808e-09	4.518824e+01	7.795785e+01
1.280000e-06	5.227697e-09	3.108276e-09	4.586035e+01	7.838133e+01
1.290000e-06	5.302164e-09	3.123575e-09	4.651349e+01	7.878821e+01
1.300000e-06	5.374420e-09	3.135788e-09	4.714725e+01	7.917558e+01
1.310000e-06	5.444603e-09	3.146460e-09	4.776285e+01	7.954050e+01
1.320000e-06	5.512786e-09	3.157618e-09	4.836092e+01	7.988129e+01
1.330000e-06	5.578840e-09	3.167711e-09	4.894033e+01	8.019864e+01
1.340000e-06	5.642702e-09	3.175801e-09	4.950047e+01	8.049588e+01
1.350000e-06	5.704526e-09	3.185501e-09	5.004270e+01	8.077839e+01
1.360000e-06	5.764390e-09	3.199530e-09	5.056779e+01	8.105229e+01
1.370000e-06	5.822113e-09	3.212996e-09	5.107405e+01	8.132278e+01
1.380000e-06	5.877589e-09	3.222192e-09	5.156053e+01	8.159265e+01
1.390000e-06	5.930783e-09	3.229736e-09	5.202706e+01	8.186147e+01
1.400000e-06	5.981433e-09	3.238249e-09	5.247130e+01	8.212571e+01
1.410000e-06	6.029504e-09	3.244805e-09	5.289290e+01	8.237986e+01
1.420000e-06	6.075313e-09	3.246231e-09	5.329465e+01	8.261819e+01
1.430000e-06	6.119031e-09	3.249083e-09	5.367801e+01	8.283659e+01
1.440000e-06	6.160448e-09	3.259808e-09	5.404115e+01	8.303400e+01
1.450000e-06	6.199485e-09	3.272083e-09	5.438346e+01	8.321289e+01
1.460000e-06	6.236386e-09	3.279034e-09	5.470705e+01	8.337864e+01
1.470000e-06	6.271083e-09	3.284487e-09	5.501134e+01	8.353792e+01
1.480000e-06	6.303361e-09	3.290897e-09	5.529439e+01	8.369664e+01
1.490000e-06	6.333325e-09	3.295533e-09	5.555711e+01	8.385802e+01
1.500000e-06	6.361092e-09	3.295112e-09	5.580065e+01	8.402144e+01
1.510000e-06	6.386388e-09	3.294225e-09	5.602257e+01	8.418242e+01
1.520000e-06	6.409137e-09	3.296866e-09	5.622216e+01	8.433391e+01
1.530000e-06	6.429619e-09	3.302813e-09	5.640183e+01	8.446833e+01
1.540000e-06	6.447751e-09	3.307204e-09	5.656081e+01	8.457995e+01
1.550000e-06	6.463313e-09	3.306164e-09	5.669722e+01	8.466684e+01
1.560000e-06	6.476309e-09	3.308093e-09	5.681114e+01	8.473159e+01
1.570000e-06	6.486604e-09	3.314685e-09	5.690136e+01	8.478081e+01
1.580000e-06	6.494211e-09	3.318353e-09	5.696801e+01	8.482323e+01
1.590000e-06	6.499428e-09	3.313664e-09	5.701369e+01	8.486708e+01
1.600000e-06	6.502266e-09	3.307676e-09	5.703850e+01	8.491746e+01
1.610000e-06	6.502613e-09	3.307232e-09	5.704148e+01	8.497451e+01
1.620000e-06	6.500632e-09	3.319087e-09	5.702403e+01	8.503297e+01
1.630000e-06	6.496545e-09	3.332598e-09	5.698810e+01	8.508340e+01
1.640000e-06	6.490154e-09	3.328595e-09	5.693201e+01	8.511471e+01
1.650000e-06	6.481437e-09	3.325176e-09	5.685549e+01	8.511732e+01
1.660000e-06	6.470550e-09	3.335318e-09	5.675990e+01	8.508617e+01
1.670000e-06	6.457257e-09	3.333252e-09	5.664322e+01	8.502249e+01
1.680000e-06	6.441615e-09	3.313745e-09	5.650590e+01	8.493400e+01
1.690000e-06	6.423989e-09	3.332667e-09	5.635120e+01	8.483319e+01
1.700000e-06	6.404464e-09	3.423497e-09	5.617976e+01	8.473420e+01
1.710000e-06	6.382407e-09	3.463270e-09	5.598604e+01	8.464914e+01
1.720000e-06	6.357220e-09	3.372160e-09	5.576496e+01	8.458471e+01
1.730000e-06	6.329283e-09	3.341339e-09	5.551984e+01	8.454025e+01
1.740000e-06	6.298986e-09	3.418040e-09	5.525394e+01	8.450762e+01
1.750000e-06	6.266469e-09	3.403538e-09	5.496856e+01	8.447308e+01
1.760000e-06	6.232090e-09	3.358984e-09	5.466690e+01	8.442060e+01
1.770000e-06	6.196229e-09	3.444895e-09	5.435223e+01	8.433592e+01
1.780000e-06	6.158542e-09	3.468924e-09	5.402146e+01	8.420998e+01
1.790000e-06	6.118418e-09	3.383243e-09	5.366928e+01	8.404111e+01
1.800000e-06	6.076065e-09	3.416204e-09	5.329761e+01	8.383526e+01
1.810000e-06	6.031546e-09	3.449733e-09	5.290708e+01	8.360424e+01
1.820000e-06	5.984695e-09	3.366612e-09	5.249611e+01	8.336247e+01
1.830000e-06	5.935472e-09	3.359122e-09	5.206427e+01	8.312316e+01
1.840000e-06	5.883768e-09	3.448167e-09	5.161075e+01	8.289490e+01
1.850000e-06	5.829608e-09	3.403647e-09	5.113565e+01	8.267949e+01
1.860000e-06	5.772987e-09	3.289217e-09	5.063889e+01	8.247161e+01
1.870000e-06	5.714153e-09	3.346239e-09	5.012269e+01	8.226030e+01
1.880000e-06	5.653116e-09	3.398010e-09	4.958714e+01	8.203174e+01
1.890000e-06	5.589676e-09	3.331325e-09	4.903050e+01	8.177267e+01
1.900000e-06	5.524043e-09	3.315823e-09	4.845463e+01	8.147342e+01
1.910000e-06	5.456284e-09	3.320021e-09	4.786006e+01	8.112985e+01
1.920000e-06	5.386321e-09	3.253986e-09	4.724616e+01	8.074380e+01
1.930000e-06	5.314118e-09	3.205077e-09	4.661274e+01	8.032206e+01
1.940000e-06	5.239833e-09	3.249948e-09	4.596108e+01	7.987421e+01
1.950000e-06	5.163430e-09	3.273007e-09	4.529078e+01	7.941008e+01
1.960000e-06	5.084743e-09	3.231356e-09	4.460046e+01	7.893739e+01
1.970000e-06	5.004063e-09	3.218608e-09	4.389266e+01	7.846037e+01
1.980000e-06	4.921637e-09	3.204385e-09	4.316954e+01	7.797931e+01
1.990000e-06	4.837476e-09	3.132638e-09	4.243116e+01	7.749130e+01
2.000000e-06	4.751496e-09	3.080780e-09	4.167685e+01	7.699158e+01
2.010000e-06	4.663675e-09	3.093392e-09	4.090643e+01	7.647515e+01
2.020000e-06	4.574174e-09	3.107604e-09	4.012124e+01	7.593799e+01
2.030000e-06	4.483129e-09	3.094938e-09	3.932253e+01	7.537775e+01
2.040000e-06	4.390476e-09	3.073925e-09	3.850977e+01	7.479371e+01
2.050000e-06	4.296164e-09	3.039181e-09	3.768245e+01	7.418607e+01
2.060000e-06	4.200293e-09	2.972961e-09	3.684132e+01	7.355512e+01
2.070000e-06	4.102969e-09	2.927321e-09	3.598745e+01	7.290040e+01
2.080000e-06	4.004211e-09	2.912737e-09	3.512113e+01	7.222030e+01
2.090000e-06	3.903922e-09	2.901726e-09	3.424137e+01	7.151210e+01
2.100000e-06	3.802137e-09	2.894940e-09	3.334850e+01	7.077244e+01
2.110000e-06	3.698838e-09	2.881275e-09	3.244232e+01	6.999804e+01
2.120000e-06	3.594017e-09	2.843011e-09	3.152275e+01	6.918619e+01
2.130000e-06	3.487891e-09	2.774673e-09	3.059173e+01	6.833504e+01
2.140000e-06	3.380504e-09	2.711208e-09	2.964965e+01	6.744333e+01
2.150000e-06	3.271782e-09	2.664543e-09	2.869591e+01	6.650990e+01
2.160000e-06	3.161769e-09	2.635496e-09	2.773082e+01	6.553287e+01
2.170000e-06	3.050495e-09	2.618990e-09	2.675463e+01	6.450903e+01
2.180000e-06	2.937906e-09	2.599325e-09	2.576697e+01	6.343357e+01
2.190000e-06	2.824038e-09	2.567301e-09	2.476813e+01	6.230022e+01
2.200000e-06	2.708985e-09	2.509561e-09	2.375890e+01	6.110182e+01
2.210000e-06	2.592769e-09	2.432499e-09	2.273948e+01	5.983113e+01
2.220000e-06	2.475429e-09	2.348111e-09	2.171022e+01	5.848155e+01
2.230000e-06	2.357088e-09	2.276075e-09	2.067214e+01	5.704750e+01
2.240000e-06	2.237805e-09	2.227981e-09	1.962568e+01	5.552430e+01
2.250000e-06	2.117551e-09	2.190614e-09	1.857069e+01	5.390762e+01
2.260000e-06	1.996419e-09	2.144143e-09	1.750804e+01	5.219257e+01
2.270000e-06	1.874670e-09	2.076411e-09	1.643999e+01	5.037285e+01
2.280000e-06	1.752368e-09	1.990863e-09	1.536710e+01	4.844016e+01
2.290000e-06	1.629406e-09	1.890595e-09	1.428844e+01	4.638424e+01
2.300000e-06	1.505865e-09	1.784178e-09	1.320473e+01	4.419342e+01
2.310000e-06	1.381847e-09	1.683585e-09	1.211690e+01	4.185576e+01
2.320000e-06	1.257363e-09	1.591919e-09	1.102500e+01	3.936036e+01
2.330000e-06	1.132451e-09	1.501758e-09	9.929287e+00	3.669859e+01
2.340000e-06	1.007195e-09	1.399919e-09	8.830510e+00	3.386493e+01
2.350000e-06	8.816456e-10	1.280649e-09	7.729160e+00	3.085732e+01
2.360000e-06	7.558004e-10	1.144393e-09	6.625286e+00	2.767712e+01
2.370000e-06	6.297186e-10	9.981846e-10	5.519361e+00	2.432883e+01
2.380000e-06	5.034449e-10	8.519629e-10	4.411715e+00	2.082000e+01
2.390000e-06	3.769840e-10	7.096805e-10	3.302437e+00	1.716142e+01
2.400000e-06	2.503672e-10	5.686070e-10	2.191823e+00	1.336793e+01
2.410000e-06	1.236352e-10	4.221910e-10	1.080210e+00	9.459447e+00
2.420000e-06	-3.163998e-12	2.646456e-10	-3.202380e-02	5.462070e+00
2.430000e-06	-1.299980e-10	9.475274e-11	-1.144597e+00	1.408591e+00
2.440000e-06	-2.568354e-10	-8.039864e-11	-2.257191e+00	-2.661957e+00
2.450000e-06	-3.836130e-10	-2.499642e-10	-3.369284e+00	-6.706070e+00
2.460000e-06	-5.102813e-10	-4.067096e-10	-4.480419e+00	-1.067884e+01
2.470000e-06	-6.368114e-10	-5.506891e-10	-5.590282e+00	-1.453795e+01
2.480000e-06	-7.631623e-10	-6.903832e-10	-6.698550e+00	-1.824784e+01
2.490000e-06	-8.892840e-10	-8.262450e-10	-7.804812e+00	-2.178331e+01
2.500000e-06	-1.015107e-09	-9.558675e-10	-8.908487e+00	-2.513162e+01
2.510000e-06	-1.140560e-09	-1.090614e-09	-1.000894e+01	-2.829266e+01
2.520000e-06	-1.265586e-09	-1.229821e-09	-1.110566e+01	-3.127700e+01
2.530000e-06	-1.390136e-09	-1.353096e-09	-1.219820e+01	-3.410225e+01
2.540000e-06	-1.514149e-09	-1.454486e-09	-1.328601e+01	-3.678851e+01
2.550000e-06	-1.637523e-09	-1.549845e-09	-1.436822e+01	-3.935383e+01
2.560000e-06	-1.760177e-09	-1.644289e-09	-1.544416e+01	-4.181078e+01
2.570000e-06	-1.882113e-09	-1.729194e-09	-1.651383e+01	-4.416471e+01
2.580000e-06	-2.003356e-09	-1.812322e-09	-1.757744e+01	-4.641407e+01
2.590000e-06	-2.123792e-09	-1.905593e-09	-1.863400e+01	-4.855241e+01
2.600000e-06	-2.243265e-09	-2.000059e-09	-1.968202e+01	-5.057162e+01
2.610000e-06	-2.361750e-09	-2.083853e-09	-2.072124e+01	-5.246522e+01
2.620000e-06	-2.479226e-09	-2.159117e-09	-2.175162e+01	-5.423113e+01
2.630000e-06	-2.595643e-09	-2.225496e-09	-2.277277e+01	-5.587295e+01
2.640000e-06	-2.710885e-09	-2.279097e-09	-2.378363e+01	-5.739977e+01
2.650000e-06	-2.824835e-09	-2.329661e-09	-2.478321e+01	-5.882454e+01
2.660000e-06	-2.937565e-09	-2.385129e-09	-2.577209e+01	-6.016161e+01
2.670000e-06	-3.049102e-09	-2.440463e-09	-2.675040e+01	-6.142418e+01
2.680000e-06	-3.159416e-09	-2.493255e-09	-2.771793e+01	-6.262238e+01
2.690000e-06	-3.268554e-09	-2.546075e-09	-2.867523e+01	-6.376237e+01
2.700000e-06	-3.376549e-09	-2.595624e-09	-2.962263e+01	-6.484673e+01
2.710000e-06	-3.483394e-09	-2.636301e-09	-3.055995e+01	-6.587570e+01
2.720000e-06	-3.589077e-09	-2.671415e-09	-3.148697e+01	-6.684897e+01
2.730000e-06	-3.693466e-09	-2.707677e-09	-3.240269e+01	-6.776729e+01
2.740000e-06	-3.796393e-09	-2.745041e-09	-3.330558e+01	-6.863344e+01
2.750000e-06	-3.897875e-09	-2.781729e-09	-3.419567e+01	-6.945230e+01
2.760000e-06	-3.997912e-09	-2.818546e-09	-3.507311e+01	-7.023011e+01
2.770000e-06	-4.096510e-09	-2.853809e-09	-3.593798e+01	-7.097317e+01
2.780000e-06	-4.193734e-09	-2.884332e-09	-3.679076e+01	-7.168652e+01
2.790000e-06	-4.289462e-09	-2.912048e-09	-3.763046e+01	-7.237300e+01
2.800000e-06	-4.383574e-09	-2.940045e-09	-3.845597e+01	-7.303307e+01
2.810000e-06	-4.476049e-09	-2.965891e-09	-3.926710e+01	-7.366540e+01
2.820000e-06	-4.566856e-09	-2.989903e-09	-4.006364e+01	-7.426794e+01
2.830000e-06	-4.655974e-09	-3.014856e-09	-4.084538e+01	-7.483928e+01
2.840000e-06	-4.743275e-09	-3.040083e-09	-4.161111e+01	-7.537957e+01
2.850000e-06	-4.828671e-09	-3.064737e-09	-4.236014e+01	-7.589096e+01
2.860000e-06	-4.912217e-09	-3.088760e-09	-4.309301e+01	-7.637716e+01
2.870000e-06	-4.993985e-09	-3.110902e-09	-4.381027e+01	-7.684250e+01
2.880000e-06	-5.073865e-09	-3.130491e-09	-4.451088e+01	-7.729065e+01
2.890000e-06	-5.151615e-09	-3.147935e-09	-4.519272e+01	-7.772361e+01
2.900000e-06	-5.227155e-09	-3.163386e-09	-4.585518e+01	-7.814114e+01
2.910000e-06	-5.300601e-09	-3.179568e-09	-4.649926e+01	-7.854112e+01
2.920000e-06	-5.372005e-09	-3.199146e-09	-4.712541e+01	-7.892047e+01
2.930000e-06	-5.441259e-09	-3.220108e-09	-4.773284e+01	-7.927655e+01
2.940000e-06	-5.508390e-09	-3.240460e-09	-4.832178e+01	-7.960845e+01
2.950000e-06	-5.573536e-09	-3.259207e-09	-4.889324e+01	-7.991782e+01
2.960000e-06	-5.636635e-09	-3.274592e-09	-4.944667e+01	-8.020884e+01
2.970000e-06	-5.697523e-09	-3.286444e-09	-4.998070e+01	-8.048732e+01
2.980000e-06	-5.756215e-09	-3.295878e-09	-5.049551e+01	-8.075924e+01
2.990000e-06	-5.812848e-09	-3.306214e-09	-5.099217e+01	-8.102909e+01
3.000000e-06	-5.867318e-09	-3.320049e-09	-5.146977e+01	-8.129855e+01
3.010000e-06	-5.919357e-09	-3.336233e-09	-5.192606e+01	-8.156600e+01
3.020000e-06	-5.968838e-09	-3.352816e-09	-5.235996e+01	-8.182704e+01
3.030000e-06	-6.015861e-09	-3.367422e-09	-5.277232e+01	-8.207586e+01
3.040000e-06	-6.060757e-09	-3.378845e-09	-5.316603e+01	-8.230711e+01
3.050000e-06	-6.103672e-09	-3.387956e-09	-5.354245e+01	-8.251765e+01
3.060000e-06	-6.144508e-09	-3.396134e-09	-5.390069e+01	-8.270771e+01
3.070000e-06	-6.183112e-09	-3.403851e-09	-5.423933e+01	-8.288091e+01
3.080000e-06	-6.219393e-09	-3.412049e-09	-5.455753e+01	-8.304333e+01
3.090000e-06	-6.253396e-09	-3.422114e-09	-5.485573e+01	-8.320159e+01
3.100000e-06	-6.285074e-09	-3.433078e-09	-5.513352e+01	-8.336083e+01
3.110000e-06	-6.314287e-09	-3.443464e-09	-5.538970e+01	-8.352296e+01
3.120000e-06	-6.341097e-09	-3.452339e-09	-5.562483e+01	-8.368593e+01
3.130000e-06	-6.365624e-09	-3.459236e-09	-5.583993e+01	-8.384412e+01
3.140000e-06	-6.387698e-09	-3.466296e-09	-5.603351e+01	-8.399004e+01
3.150000e-06	-6.407309e-09	-3.475256e-09	-5.620545e+01	-8.411650e+01
3.160000e-06	-6.424587e-09	-3.483189e-09	-5.635690e+01	-8.421898e+01
3.170000e-06	-6.439303e-09	-3.488605e-09	-5.648586e+01	-8.429714e+01
3.180000e-06	-6.451258e-09	-3.494422e-09	-5.659062e+01	-8.435515e+01
3.190000e-06	-6.460655e-09	-3.500188e-09	-5.667297e+01	-8.440065e+01
3.200000e-06	-6.467610e-09	-3.503464e-09	-5.673387e+01	-8.444250e+01
3.210000e-06	-6.472059e-09	-3.505793e-09	-5.677280e+01	-8.448809e+01
3.220000e-06	-6.474129e-09	-3.510456e-09	-5.679089e+01	-8.454087e+01
3.230000e-06	-6.473885e-09	-3.511612e-09	-5.678863e+01	-8.459901e+01
