# Temperatura_=_20.0
# Concentracion g/m^3_=_1000.0
# C_Vs_to_Am_M_A/Vsm_=_25649819763.59163
# pendiente_HvsI_1/m_=_3716.3
# ordenada_HvsI_A/m_=_1297.0
# frecuencia_Hz_=_309336.3389809245
# Promedio de 23 ciclos

Tiempo_(s)	Campo_(V.s)	Magnetizacion_(V.s)	Campo_(kA/m)	Magnetizacion_(A/m)
0.000000e+00	-6.471597e-09	-3.295493e-09	-5.677462e+01	-8.164252e+01
1.000000e-08	-6.468175e-09	-3.268803e-09	-5.674429e+01	-8.162959e+01
2.000000e-08	-6.462468e-09	-3.263002e-09	-5.669400e+01	-8.161409e+01
3.000000e-08	-6.454573e-09	-3.277200e-09	-5.662452e+01	-8.159891e+01
4.000000e-08	-6.444322e-09	-3.265626e-09	-5.653434e+01	-8.158330e+01
5.000000e-08	-6.431623e-09	-3.254867e-09	-5.642262e+01	-8.156272e+01
6.000000e-08	-6.416434e-09	-3.270239e-09	-5.628907e+01	-8.152987e+01
7.000000e-08	-6.398896e-09	-3.278278e-09	-5.613497e+01	-8.147683e+01
8.000000e-08	-6.379327e-09	-3.253310e-09	-5.596306e+01	-8.139784e+01
9.000000e-08	-6.357456e-09	-3.122275e-09	-5.577087e+01	-8.129207e+01
1.000000e-07	-6.332823e-09	-3.051731e-09	-5.555443e+01	-8.116548e+01
1.100000e-07	-6.305615e-09	-3.193049e-09	-5.531544e+01	-8.103129e+01
1.200000e-07	-6.276320e-09	-3.227112e-09	-5.505820e+01	-8.090862e+01
1.300000e-07	-6.245096e-09	-3.059413e-09	-5.478404e+01	-8.081944e+01
1.400000e-07	-6.211776e-09	-3.049716e-09	-5.449147e+01	-8.078440e+01
1.500000e-07	-6.176489e-09	-3.218858e-09	-5.418171e+01	-8.081843e+01
1.600000e-07	-6.139478e-09	-3.221239e-09	-5.385681e+01	-8.092705e+01
1.700000e-07	-6.100363e-09	-3.051382e-09	-5.351336e+01	-8.110429e+01
1.800000e-07	-6.058783e-09	-3.086318e-09	-5.314832e+01	-8.133287e+01
1.900000e-07	-6.014917e-09	-3.242531e-09	-5.276328e+01	-8.158646e+01
2.000000e-07	-5.968865e-09	-3.148744e-09	-5.235897e+01	-8.183388e+01
2.100000e-07	-5.920451e-09	-3.145145e-09	-5.193390e+01	-8.204402e+01
2.200000e-07	-5.869371e-09	-3.317296e-09	-5.148542e+01	-8.219081e+01
2.300000e-07	-5.815676e-09	-3.247332e-09	-5.101402e+01	-8.225681e+01
2.400000e-07	-5.759698e-09	-3.145357e-09	-5.052260e+01	-8.223507e+01
2.500000e-07	-5.701370e-09	-3.283914e-09	-5.001061e+01	-8.212883e+01
2.600000e-07	-5.640794e-09	-3.309137e-09	-4.947898e+01	-8.194925e+01
2.700000e-07	-5.578116e-09	-3.136695e-09	-4.892888e+01	-8.171201e+01
2.800000e-07	-5.513251e-09	-3.162295e-09	-4.835951e+01	-8.143351e+01
2.900000e-07	-5.446174e-09	-3.261979e-09	-4.777077e+01	-8.112769e+01
3.000000e-07	-5.376930e-09	-3.198332e-09	-4.716305e+01	-8.080397e+01
3.100000e-07	-5.305547e-09	-3.147352e-09	-4.653654e+01	-8.046677e+01
3.200000e-07	-5.231965e-09	-3.170329e-09	-4.589073e+01	-8.011639e+01
3.300000e-07	-5.156205e-09	-3.170384e-09	-4.522581e+01	-7.975076e+01
3.400000e-07	-5.078201e-09	-3.111037e-09	-4.454122e+01	-7.936741e+01
3.500000e-07	-4.998000e-09	-3.079480e-09	-4.383746e+01	-7.896504e+01
3.600000e-07	-4.915920e-09	-3.087518e-09	-4.311725e+01	-7.854426e+01
3.700000e-07	-4.832176e-09	-3.070385e-09	-4.238238e+01	-7.810735e+01
3.800000e-07	-4.746836e-09	-3.040981e-09	-4.163350e+01	-7.765720e+01
3.900000e-07	-4.659890e-09	-3.046354e-09	-4.087054e+01	-7.719596e+01
4.000000e-07	-4.571264e-09	-3.048523e-09	-4.009285e+01	-7.672385e+01
4.100000e-07	-4.480895e-09	-2.990571e-09	-3.929986e+01	-7.623858e+01
4.200000e-07	-4.388832e-09	-2.952525e-09	-3.849201e+01	-7.573557e+01
4.300000e-07	-4.295224e-09	-2.952561e-09	-3.767061e+01	-7.520902e+01
4.400000e-07	-4.200074e-09	-2.926538e-09	-3.683565e+01	-7.465328e+01
4.500000e-07	-4.103323e-09	-2.884041e-09	-3.598663e+01	-7.406430e+01
4.600000e-07	-4.005033e-09	-2.869477e-09	-3.512414e+01	-7.344051e+01
4.700000e-07	-3.905209e-09	-2.855617e-09	-3.424822e+01	-7.278289e+01
4.800000e-07	-3.803901e-09	-2.821618e-09	-3.335926e+01	-7.209419e+01
4.900000e-07	-3.701200e-09	-2.794969e-09	-3.245812e+01	-7.137747e+01
5.000000e-07	-3.597101e-09	-2.766353e-09	-3.154466e+01	-7.063446e+01
5.100000e-07	-3.491599e-09	-2.725133e-09	-3.061889e+01	-6.986423e+01
5.200000e-07	-3.384687e-09	-2.689541e-09	-2.968082e+01	-6.906252e+01
5.300000e-07	-3.276410e-09	-2.666792e-09	-2.873080e+01	-6.822206e+01
5.400000e-07	-3.166906e-09	-2.632280e-09	-2.776997e+01	-6.733370e+01
5.500000e-07	-3.056134e-09	-2.582058e-09	-2.679800e+01	-6.638812e+01
5.600000e-07	-2.944054e-09	-2.538204e-09	-2.581451e+01	-6.537749e+01
5.700000e-07	-2.830746e-09	-2.503385e-09	-2.482022e+01	-6.429662e+01
5.800000e-07	-2.716169e-09	-2.458299e-09	-2.381490e+01	-6.314329e+01
5.900000e-07	-2.600335e-09	-2.401717e-09	-2.279861e+01	-6.191750e+01
6.000000e-07	-2.483413e-09	-2.351260e-09	-2.177276e+01	-6.061997e+01
6.100000e-07	-2.365524e-09	-2.303639e-09	-2.073842e+01	-5.925023e+01
6.200000e-07	-2.246658e-09	-2.248828e-09	-1.969553e+01	-5.780488e+01
6.300000e-07	-2.126876e-09	-2.185473e-09	-1.864459e+01	-5.627661e+01
6.400000e-07	-2.006309e-09	-2.113866e-09	-1.758667e+01	-5.465414e+01
6.500000e-07	-1.885002e-09	-2.036667e-09	-1.652223e+01	-5.292327e+01
6.600000e-07	-1.763012e-09	-1.962130e-09	-1.545188e+01	-5.106865e+01
6.700000e-07	-1.640422e-09	-1.886684e-09	-1.437642e+01	-4.907589e+01
6.800000e-07	-1.517263e-09	-1.803120e-09	-1.329596e+01	-4.693325e+01
6.900000e-07	-1.393541e-09	-1.713086e-09	-1.221053e+01	-4.463265e+01
7.000000e-07	-1.269278e-09	-1.619910e-09	-1.112035e+01	-4.216966e+01
7.100000e-07	-1.144540e-09	-1.523871e-09	-1.002597e+01	-3.954251e+01
7.200000e-07	-1.019423e-09	-1.414020e-09	-8.928254e+00	-3.675069e+01
7.300000e-07	-8.940460e-10	-1.286529e-09	-7.828254e+00	-3.379349e+01
7.400000e-07	-7.684720e-10	-1.154571e-09	-6.726594e+00	-3.066928e+01
7.500000e-07	-6.427074e-10	-1.027464e-09	-5.623294e+00	-2.737584e+01
7.600000e-07	-5.167628e-10	-8.947564e-10	-4.518392e+00	-2.391192e+01
7.700000e-07	-3.906542e-10	-7.495315e-10	-3.412057e+00	-2.027974e+01
7.800000e-07	-2.644026e-10	-6.018940e-10	-2.304501e+00	-1.648790e+01
7.900000e-07	-1.380324e-10	-4.564747e-10	-1.195933e+00	-1.255394e+01
8.000000e-07	-1.157998e-11	-3.056794e-10	-8.664167e-02	-8.505799e+00
8.100000e-07	1.149159e-10	-1.422982e-10	1.023004e+00	-4.381526e+00
8.200000e-07	2.414038e-10	2.981469e-11	2.132582e+00	-2.272456e-01
8.300000e-07	3.678393e-10	1.965551e-10	3.241749e+00	3.906575e+00
8.400000e-07	4.941931e-10	3.517326e-10	4.350208e+00	7.969843e+00
8.500000e-07	6.204119e-10	5.039048e-10	5.457491e+00	1.191771e+01
8.600000e-07	7.464508e-10	6.564879e-10	6.563224e+00	1.571469e+01
8.700000e-07	8.722785e-10	8.007569e-10	7.667126e+00	1.933728e+01
8.800000e-07	9.978735e-10	9.328203e-10	8.768993e+00	2.277462e+01
8.900000e-07	1.123220e-09	1.058045e-09	9.868651e+00	2.602730e+01
9.000000e-07	1.248254e-09	1.179299e-09	1.096552e+01	2.910448e+01
9.100000e-07	1.372884e-09	1.292620e-09	1.205880e+01	3.202025e+01
9.200000e-07	1.496989e-09	1.398135e-09	1.314744e+01	3.478979e+01
9.300000e-07	1.620460e-09	1.500831e-09	1.423053e+01	3.742621e+01
9.400000e-07	1.743251e-09	1.603160e-09	1.530766e+01	3.993859e+01
9.500000e-07	1.865350e-09	1.702423e-09	1.637877e+01	4.233125e+01
9.600000e-07	1.986727e-09	1.795170e-09	1.744366e+01	4.460442e+01
9.700000e-07	2.107351e-09	1.879532e-09	1.850192e+01	4.675573e+01
9.800000e-07	2.227147e-09	1.955831e-09	1.955279e+01	4.878217e+01
9.900000e-07	2.345984e-09	2.028395e-09	2.059520e+01	5.068186e+01
1.000000e-06	2.463826e-09	2.097276e-09	2.162888e+01	5.245538e+01
1.010000e-06	2.580664e-09	2.159818e-09	2.265370e+01	5.410644e+01
1.020000e-06	2.696381e-09	2.216720e-09	2.366872e+01	5.564166e+01
1.030000e-06	2.810925e-09	2.272362e-09	2.467350e+01	5.706995e+01
1.040000e-06	2.924298e-09	2.329686e-09	2.566798e+01	5.840144e+01
1.050000e-06	3.036463e-09	2.384173e-09	2.665181e+01	5.964643e+01
1.060000e-06	3.147403e-09	2.431054e-09	2.762492e+01	6.081454e+01
1.070000e-06	3.257199e-09	2.472363e-09	2.858802e+01	6.191412e+01
1.080000e-06	3.365919e-09	2.515023e-09	2.954166e+01	6.295204e+01
1.090000e-06	3.473442e-09	2.556968e-09	3.048476e+01	6.393383e+01
1.100000e-06	3.579647e-09	2.590654e-09	3.141634e+01	6.486391e+01
1.110000e-06	3.684519e-09	2.619177e-09	3.233620e+01	6.574592e+01
1.120000e-06	3.788002e-09	2.650172e-09	3.324381e+01	6.658304e+01
1.130000e-06	3.890103e-09	2.683311e-09	3.413934e+01	6.737817e+01
1.140000e-06	3.990857e-09	2.714795e-09	3.502310e+01	6.813399e+01
1.150000e-06	4.090125e-09	2.746426e-09	3.589384e+01	6.885298e+01
1.160000e-06	4.187825e-09	2.776909e-09	3.675082e+01	6.953736e+01
1.170000e-06	4.283941e-09	2.804302e-09	3.759383e+01	7.018907e+01
1.180000e-06	4.378451e-09	2.829620e-09	3.842275e+01	7.080967e+01
1.190000e-06	4.471440e-09	2.852886e-09	3.923832e+01	7.140046e+01
1.200000e-06	4.562870e-09	2.873394e-09	4.004018e+01	7.196251e+01
1.210000e-06	4.652602e-09	2.890727e-09	4.082726e+01	7.249678e+01
1.220000e-06	4.740531e-09	2.909203e-09	4.159850e+01	7.300427e+01
1.230000e-06	4.826641e-09	2.931054e-09	4.235375e+01	7.348613e+01
1.240000e-06	4.910996e-09	2.951337e-09	4.309363e+01	7.394377e+01
1.250000e-06	4.993543e-09	2.966715e-09	4.381765e+01	7.437891e+01
1.260000e-06	5.074144e-09	2.982100e-09	4.452453e+01	7.479347e+01
1.270000e-06	5.152754e-09	3.000563e-09	4.521392e+01	7.518954e+01
1.280000e-06	5.229330e-09	3.017491e-09	4.588553e+01	7.556909e+01
1.290000e-06	5.303740e-09	3.030530e-09	4.653812e+01	7.593384e+01
1.300000e-06	5.375940e-09	3.041577e-09	4.717126e+01	7.628499e+01
1.310000e-06	5.446058e-09	3.054182e-09	4.778619e+01	7.662314e+01
1.320000e-06	5.514173e-09	3.067001e-09	4.838354e+01	7.694831e+01
1.330000e-06	5.580158e-09	3.076201e-09	4.896214e+01	7.726013e+01
1.340000e-06	5.643952e-09	3.083183e-09	4.952152e+01	7.755813e+01
1.350000e-06	5.705700e-09	3.094562e-09	5.006299e+01	7.784216e+01
1.360000e-06	5.765481e-09	3.110411e-09	5.058723e+01	7.811270e+01
1.370000e-06	5.823120e-09	3.122860e-09	5.109260e+01	7.837107e+01
1.380000e-06	5.878513e-09	3.130205e-09	5.157824e+01	7.861940e+01
1.390000e-06	5.931634e-09	3.136665e-09	5.204398e+01	7.886032e+01
1.400000e-06	5.982240e-09	3.146101e-09	5.248761e+01	7.909641e+01
1.410000e-06	6.030267e-09	3.157137e-09	5.290863e+01	7.932965e+01
1.420000e-06	6.076004e-09	3.164220e-09	5.330959e+01	7.956081e+01
1.430000e-06	6.119641e-09	3.167984e-09	5.369217e+01	7.978919e+01
1.440000e-06	6.160974e-09	3.175579e-09	5.405455e+01	8.001264e+01
1.450000e-06	6.199933e-09	3.187547e-09	5.439608e+01	8.022805e+01
1.460000e-06	6.236752e-09	3.197905e-09	5.471885e+01	8.043204e+01
1.470000e-06	6.271367e-09	3.203464e-09	5.502225e+01	8.062184e+01
1.480000e-06	6.303566e-09	3.208145e-09	5.530445e+01	8.079601e+01
1.490000e-06	6.333454e-09	3.215660e-09	5.556640e+01	8.095482e+01
1.500000e-06	6.361150e-09	3.223198e-09	5.580907e+01	8.110014e+01
1.510000e-06	6.386379e-09	3.225101e-09	5.603008e+01	8.123485e+01
1.520000e-06	6.409062e-09	3.222671e-09	5.622876e+01	8.136184e+01
1.530000e-06	6.429459e-09	3.222475e-09	5.640745e+01	8.148305e+01
1.540000e-06	6.447522e-09	3.227101e-09	5.656566e+01	8.159863e+01
1.550000e-06	6.463037e-09	3.235094e-09	5.670146e+01	8.170666e+01
1.560000e-06	6.475985e-09	3.242467e-09	5.681475e+01	8.180356e+01
1.570000e-06	6.486232e-09	3.246596e-09	5.690431e+01	8.188496e+01
1.580000e-06	6.493787e-09	3.247537e-09	5.697027e+01	8.194707e+01
1.590000e-06	6.498934e-09	3.247103e-09	5.701518e+01	8.198791e+01
1.600000e-06	6.501702e-09	3.243461e-09	5.703919e+01	8.200817e+01
1.610000e-06	6.501983e-09	3.236083e-09	5.704139e+01	8.201127e+01
1.620000e-06	6.499930e-09	3.244528e-09	5.702316e+01	8.200266e+01
1.630000e-06	6.495767e-09	3.268125e-09	5.698644e+01	8.198825e+01
1.640000e-06	6.489309e-09	3.267301e-09	5.692957e+01	8.197266e+01
1.650000e-06	6.480530e-09	3.255770e-09	5.685232e+01	8.195757e+01
1.660000e-06	6.469589e-09	3.269958e-09	5.675607e+01	8.194085e+01
1.670000e-06	6.456266e-09	3.271106e-09	5.663890e+01	8.191677e+01
1.680000e-06	6.440580e-09	3.240712e-09	5.650109e+01	8.187753e+01
1.690000e-06	6.422892e-09	3.244905e-09	5.634576e+01	8.181564e+01
1.700000e-06	6.403282e-09	3.369481e-09	5.617352e+01	8.172681e+01
1.710000e-06	6.381117e-09	3.423328e-09	5.597874e+01	8.161249e+01
1.720000e-06	6.355827e-09	3.268118e-09	5.575653e+01	8.148128e+01
1.730000e-06	6.327813e-09	3.244251e-09	5.551052e+01	8.134874e+01
1.740000e-06	6.297461e-09	3.410187e-09	5.524399e+01	8.123544e+01
1.750000e-06	6.264884e-09	3.385847e-09	5.495792e+01	8.116338e+01
1.760000e-06	6.230450e-09	3.219638e-09	5.465566e+01	8.115168e+01
1.770000e-06	6.194528e-09	3.282098e-09	5.434037e+01	8.121225e+01
1.780000e-06	6.156735e-09	3.368155e-09	5.400857e+01	8.134663e+01
1.790000e-06	6.116522e-09	3.223357e-09	5.365554e+01	8.154469e+01
1.800000e-06	6.074108e-09	3.247044e-09	5.328322e+01	8.178554e+01
1.810000e-06	6.029539e-09	3.335975e-09	5.289193e+01	8.204057e+01
1.820000e-06	5.982643e-09	3.188091e-09	5.248023e+01	8.227803e+01
1.830000e-06	5.933349e-09	3.186201e-09	5.204753e+01	8.246812e+01
1.840000e-06	5.881598e-09	3.348839e-09	5.159322e+01	8.258748e+01
1.850000e-06	5.827389e-09	3.329697e-09	5.111735e+01	8.262234e+01
1.860000e-06	5.770695e-09	3.178893e-09	5.061975e+01	8.256954e+01
1.870000e-06	5.711783e-09	3.237382e-09	5.010272e+01	8.243547e+01
1.880000e-06	5.650659e-09	3.293181e-09	4.956622e+01	8.223333e+01
1.890000e-06	5.587148e-09	3.170297e-09	4.900873e+01	8.197951e+01
1.900000e-06	5.521438e-09	3.146744e-09	4.843196e+01	8.168982e+01
1.910000e-06	5.453599e-09	3.164562e-09	4.783652e+01	8.137674e+01
1.920000e-06	5.383570e-09	3.153238e-09	4.722188e+01	8.104790e+01
1.930000e-06	5.311313e-09	3.091122e-09	4.658769e+01	8.070608e+01
1.940000e-06	5.236992e-09	3.105350e-09	4.593546e+01	8.035052e+01
1.950000e-06	5.160557e-09	3.156456e-09	4.526464e+01	7.997877e+01
1.960000e-06	5.081824e-09	3.101569e-09	4.457365e+01	7.958863e+01
1.970000e-06	5.001092e-09	3.054075e-09	4.386519e+01	7.917948e+01
1.980000e-06	4.918615e-09	3.064365e-09	4.314143e+01	7.875257e+01
1.990000e-06	4.834406e-09	3.050999e-09	4.240245e+01	7.831057e+01
2.000000e-06	4.748382e-09	2.979297e-09	4.164745e+01	7.785625e+01
2.010000e-06	4.660492e-09	2.984176e-09	4.087614e+01	7.739119e+01
2.020000e-06	4.570919e-09	3.005655e-09	4.009013e+01	7.691473e+01
2.030000e-06	4.479827e-09	2.976116e-09	3.929078e+01	7.642370e+01
2.040000e-06	4.387157e-09	2.952166e-09	3.847762e+01	7.591293e+01
2.050000e-06	4.292840e-09	2.945724e-09	3.765004e+01	7.537650e+01
2.060000e-06	4.196935e-09	2.905983e-09	3.680852e+01	7.480920e+01
2.070000e-06	4.099565e-09	2.856491e-09	3.595417e+01	7.420778e+01
2.080000e-06	4.000754e-09	2.849244e-09	3.508719e+01	7.357164e+01
2.090000e-06	3.900419e-09	2.833201e-09	3.420678e+01	7.290252e+01
2.100000e-06	3.798605e-09	2.801380e-09	3.331335e+01	7.220345e+01
2.110000e-06	3.695260e-09	2.777865e-09	3.240650e+01	7.147721e+01
2.120000e-06	3.590396e-09	2.761420e-09	3.148635e+01	7.072472e+01
2.130000e-06	3.484237e-09	2.723695e-09	3.055486e+01	6.994387e+01
2.140000e-06	3.376816e-09	2.675535e-09	2.961234e+01	6.912924e+01
2.150000e-06	3.268080e-09	2.637860e-09	2.865824e+01	6.827272e+01
2.160000e-06	3.158069e-09	2.605587e-09	2.769294e+01	6.736491e+01
2.170000e-06	3.046797e-09	2.567461e-09	2.671665e+01	6.639684e+01
2.180000e-06	2.934202e-09	2.533410e-09	2.572876e+01	6.536152e+01
2.190000e-06	2.820332e-09	2.502224e-09	2.472968e+01	6.425484e+01
2.200000e-06	2.705280e-09	2.455826e-09	2.372026e+01	6.307552e+01
2.210000e-06	2.589074e-09	2.399722e-09	2.270062e+01	6.182400e+01
2.220000e-06	2.471751e-09	2.343037e-09	2.167112e+01	6.050081e+01
2.230000e-06	2.353398e-09	2.282849e-09	2.063266e+01	5.910460e+01
2.240000e-06	2.234075e-09	2.222172e-09	1.958576e+01	5.763066e+01
2.250000e-06	2.113781e-09	2.170451e-09	1.853035e+01	5.607018e+01
2.260000e-06	1.992624e-09	2.114415e-09	1.746733e+01	5.441069e+01
2.270000e-06	1.870863e-09	2.044579e-09	1.639899e+01	5.263733e+01
2.280000e-06	1.748556e-09	1.968777e-09	1.532589e+01	5.073489e+01
2.290000e-06	1.625593e-09	1.890753e-09	1.424710e+01	4.868972e+01
2.300000e-06	1.502045e-09	1.802787e-09	1.316322e+01	4.649135e+01
2.310000e-06	1.378004e-09	1.704726e-09	1.207502e+01	4.413305e+01
2.320000e-06	1.253514e-09	1.605566e-09	1.098280e+01	4.161150e+01
2.330000e-06	1.128633e-09	1.505038e-09	9.887042e+00	3.892554e+01
2.340000e-06	1.003425e-09	1.397403e-09	8.788431e+00	3.607473e+01
2.350000e-06	8.779195e-10	1.279754e-09	7.687234e+00	3.305808e+01
2.360000e-06	7.521152e-10	1.154304e-09	6.583433e+00	2.987364e+01
2.370000e-06	6.260596e-10	1.021328e-09	5.477448e+00	2.651930e+01
2.380000e-06	4.997806e-10	8.813058e-10	4.369561e+00	2.299472e+01
2.390000e-06	3.733051e-10	7.369350e-10	3.259977e+00	1.930407e+01
2.400000e-06	2.466769e-10	5.876845e-10	2.149020e+00	1.545889e+01
2.410000e-06	1.199268e-10	4.325833e-10	1.037017e+00	1.148036e+01
2.420000e-06	-6.904059e-12	2.722703e-10	-7.566154e-02	7.400136e+00
2.430000e-06	-1.337550e-10	1.067159e-10	-1.188508e+00	3.259491e+00
2.440000e-06	-2.605874e-10	-6.077608e-11	-2.301164e+00	-8.934049e-01
2.450000e-06	-3.873710e-10	-2.233728e-10	-3.413394e+00	-5.007649e+00
2.460000e-06	-5.140641e-10	-3.779831e-10	-4.524811e+00	-9.034481e+00
2.470000e-06	-6.406097e-10	-5.268292e-10	-5.634929e+00	-1.293199e+01
2.480000e-06	-7.669508e-10	-6.726555e-10	-6.743322e+00	-1.666876e+01
2.490000e-06	-8.930367e-10	-8.117836e-10	-7.849560e+00	-2.022584e+01
2.500000e-06	-1.018804e-09	-9.432073e-10	-8.952998e+00	-2.359669e+01
2.510000e-06	-1.144198e-09	-1.072283e-09	-1.005310e+01	-2.678535e+01
2.520000e-06	-1.269180e-09	-1.199432e-09	-1.114958e+01	-2.980317e+01
2.530000e-06	-1.393713e-09	-1.316732e-09	-1.224208e+01	-3.266506e+01
2.540000e-06	-1.517711e-09	-1.419978e-09	-1.332977e+01	-3.538577e+01
2.550000e-06	-1.641053e-09	-1.516336e-09	-1.441161e+01	-3.797715e+01
2.560000e-06	-1.763665e-09	-1.610130e-09	-1.548709e+01	-4.044655e+01
2.570000e-06	-1.885570e-09	-1.700746e-09	-1.655651e+01	-4.279672e+01
2.580000e-06	-2.006786e-09	-1.789510e-09	-1.761988e+01	-4.502676e+01
2.590000e-06	-2.127174e-09	-1.876467e-09	-1.867591e+01	-4.713384e+01
2.600000e-06	-2.246592e-09	-1.959126e-09	-1.972339e+01	-4.911516e+01
2.610000e-06	-2.365001e-09	-2.035754e-09	-2.076209e+01	-5.096961e+01
2.620000e-06	-2.482393e-09	-2.106033e-09	-2.179195e+01	-5.269885e+01
2.630000e-06	-2.598747e-09	-2.169226e-09	-2.281265e+01	-5.430768e+01
2.640000e-06	-2.713903e-09	-2.225472e-09	-2.382280e+01	-5.580365e+01
2.650000e-06	-2.827759e-09	-2.278513e-09	-2.482157e+01	-5.719621e+01
2.660000e-06	-2.940406e-09	-2.331031e-09	-2.580974e+01	-5.849569e+01
2.670000e-06	-3.051873e-09	-2.380313e-09	-2.678754e+01	-5.971222e+01
2.680000e-06	-3.162124e-09	-2.424962e-09	-2.775464e+01	-6.085501e+01
2.690000e-06	-3.271205e-09	-2.468759e-09	-2.871147e+01	-6.193189e+01
2.700000e-06	-3.379171e-09	-2.511242e-09	-2.965850e+01	-6.294924e+01
2.710000e-06	-3.485991e-09	-2.548979e-09	-3.059551e+01	-6.391215e+01
2.720000e-06	-3.591635e-09	-2.584333e-09	-3.152221e+01	-6.482471e+01
2.730000e-06	-3.695970e-09	-2.619741e-09	-3.243738e+01	-6.569038e+01
2.740000e-06	-3.798843e-09	-2.653838e-09	-3.333972e+01	-6.651223e+01
2.750000e-06	-3.900274e-09	-2.685955e-09	-3.422941e+01	-6.729306e+01
2.760000e-06	-4.000258e-09	-2.716354e-09	-3.510636e+01	-6.803549e+01
2.770000e-06	-4.098806e-09	-2.741010e-09	-3.597075e+01	-6.874193e+01
2.780000e-06	-4.195977e-09	-2.762755e-09	-3.682309e+01	-6.941448e+01
2.790000e-06	-4.291643e-09	-2.789386e-09	-3.766218e+01	-7.005495e+01
2.800000e-06	-4.385698e-09	-2.817897e-09	-3.848714e+01	-7.066482e+01
2.810000e-06	-4.478115e-09	-2.842234e-09	-3.929770e+01	-7.124527e+01
2.820000e-06	-4.568864e-09	-2.864434e-09	-4.009362e+01	-7.179733e+01
2.830000e-06	-4.657932e-09	-2.887388e-09	-4.087482e+01	-7.232196e+01
2.840000e-06	-4.745171e-09	-2.908861e-09	-4.163997e+01	-7.282019e+01
2.850000e-06	-4.830508e-09	-2.927532e-09	-4.238839e+01	-7.329327e+01
2.860000e-06	-4.914018e-09	-2.942486e-09	-4.312077e+01	-7.374271e+01
2.870000e-06	-4.995745e-09	-2.956508e-09	-4.383754e+01	-7.417030e+01
2.880000e-06	-5.075557e-09	-2.972940e-09	-4.453750e+01	-7.457806e+01
2.890000e-06	-5.153216e-09	-2.991620e-09	-4.521855e+01	-7.496806e+01
2.900000e-06	-5.228663e-09	-3.011608e-09	-4.588017e+01	-7.534219e+01
2.910000e-06	-5.302040e-09	-3.028724e-09	-4.652363e+01	-7.570202e+01
2.920000e-06	-5.373374e-09	-3.041367e-09	-4.714915e+01	-7.604853e+01
2.930000e-06	-5.442566e-09	-3.055756e-09	-4.775585e+01	-7.638211e+01
2.940000e-06	-5.509661e-09	-3.072142e-09	-4.834417e+01	-7.670261e+01
2.950000e-06	-5.574754e-09	-3.083166e-09	-4.891502e+01	-7.700958e+01
2.960000e-06	-5.637787e-09	-3.092071e-09	-4.946777e+01	-7.730262e+01
2.970000e-06	-5.698616e-09	-3.106017e-09	-5.000116e+01	-7.758178e+01
2.980000e-06	-5.757273e-09	-3.120866e-09	-5.051545e+01	-7.784782e+01
2.990000e-06	-5.813854e-09	-3.131749e-09	-5.101156e+01	-7.810237e+01
3.000000e-06	-5.868229e-09	-3.141256e-09	-5.148832e+01	-7.834778e+01
3.010000e-06	-5.920173e-09	-3.151565e-09	-5.194372e+01	-7.858674e+01
3.020000e-06	-5.969553e-09	-3.163900e-09	-5.237667e+01	-7.882168e+01
3.030000e-06	-6.016482e-09	-3.176148e-09	-5.278813e+01	-7.905420e+01
3.040000e-06	-6.061325e-09	-3.184916e-09	-5.318127e+01	-7.928457e+01
3.050000e-06	-6.104203e-09	-3.193864e-09	-5.355720e+01	-7.951154e+01
3.060000e-06	-6.145012e-09	-3.204137e-09	-5.391499e+01	-7.973256e+01
3.070000e-06	-6.183586e-09	-3.212166e-09	-5.425315e+01	-7.994430e+01
3.080000e-06	-6.219814e-09	-3.218138e-09	-5.457074e+01	-8.014353e+01
3.090000e-06	-6.253759e-09	-3.227105e-09	-5.486830e+01	-8.032786e+01
3.100000e-06	-6.285374e-09	-3.236861e-09	-5.514539e+01	-8.049647e+01
3.110000e-06	-6.314539e-09	-3.245232e-09	-5.540097e+01	-8.065022e+01
3.120000e-06	-6.341320e-09	-3.256596e-09	-5.563566e+01	-8.079144e+01
3.130000e-06	-6.365790e-09	-3.266453e-09	-5.585009e+01	-8.092313e+01
3.140000e-06	-6.387791e-09	-3.268670e-09	-5.604280e+01	-8.104796e+01
3.150000e-06	-6.407357e-09	-3.269937e-09	-5.621408e+01	-8.116728e+01
3.160000e-06	-6.424589e-09	-3.275316e-09	-5.636492e+01	-8.128053e+01
3.170000e-06	-6.439212e-09	-3.279325e-09	-5.649287e+01	-8.138511e+01
3.180000e-06	-6.451076e-09	-3.282848e-09	-5.659666e+01	-8.147701e+01
3.190000e-06	-6.460428e-09	-3.291077e-09	-5.667840e+01	-8.155194e+01
3.200000e-06	-6.467329e-09	-3.299157e-09	-5.673854e+01	-8.160659e+01
3.210000e-06	-6.471730e-09	-3.301901e-09	-5.677680e+01	-8.163989e+01
3.220000e-06	-6.473773e-09	-3.305777e-09	-5.679443e+01	-8.165354e+01
3.230000e-06	-6.473470e-09	-3.307059e-09	-5.679142e+01	-8.165182e+01
