# Temperatura_=_20.0
# Concentracion g/m^3_=_1000.0
# C_Vs_to_Am_M_A/Vsm_=_25649819763.59163
# pendiente_HvsI_1/m_=_3716.3
# ordenada_HvsI_A/m_=_1297.0
# frecuencia_Hz_=_311348.2321689919
# Promedio de 15 ciclos

Tiempo_(s)	Campo_(V.s)	Magnetizacion_(V.s)	Campo_(kA/m)	Magnetizacion_(A/m)
0.000000e+00	-6.675635e-09	-4.121078e-09	-5.672461e+01	-1.041444e+02
1.000000e-08	-6.672071e-09	-4.111909e-09	-5.669433e+01	-1.041787e+02
2.000000e-08	-6.666171e-09	-4.103567e-09	-5.664421e+01	-1.041793e+02
3.000000e-08	-6.657917e-09	-4.104735e-09	-5.657407e+01	-1.041493e+02
4.000000e-08	-6.647159e-09	-4.101472e-09	-5.648267e+01	-1.041007e+02
5.000000e-08	-6.633770e-09	-4.095253e-09	-5.636890e+01	-1.040508e+02
6.000000e-08	-6.617772e-09	-4.099772e-09	-5.623297e+01	-1.040165e+02
7.000000e-08	-6.599532e-09	-4.099830e-09	-5.607798e+01	-1.040087e+02
8.000000e-08	-6.579198e-09	-4.074094e-09	-5.590520e+01	-1.040270e+02
9.000000e-08	-6.556328e-09	-4.024473e-09	-5.571088e+01	-1.040586e+02
1.000000e-07	-6.530625e-09	-4.010608e-09	-5.549248e+01	-1.040805e+02
1.100000e-07	-6.502385e-09	-4.052780e-09	-5.525252e+01	-1.040651e+02
1.200000e-07	-6.471961e-09	-4.054053e-09	-5.499400e+01	-1.039891e+02
1.300000e-07	-6.439347e-09	-3.974356e-09	-5.471688e+01	-1.038409e+02
1.400000e-07	-6.404544e-09	-3.962279e-09	-5.442115e+01	-1.036265e+02
1.500000e-07	-6.367825e-09	-4.051073e-09	-5.410915e+01	-1.033704e+02
1.600000e-07	-6.329150e-09	-4.054255e-09	-5.378052e+01	-1.031120e+02
1.700000e-07	-6.288057e-09	-3.960323e-09	-5.343135e+01	-1.028966e+02
1.800000e-07	-6.244488e-09	-3.940812e-09	-5.306113e+01	-1.027650e+02
1.900000e-07	-6.198626e-09	-3.989849e-09	-5.267143e+01	-1.027427e+02
2.000000e-07	-6.150325e-09	-3.949325e-09	-5.226101e+01	-1.028326e+02
2.100000e-07	-6.099359e-09	-3.927233e-09	-5.182795e+01	-1.030128e+02
2.200000e-07	-6.045713e-09	-4.006031e-09	-5.137211e+01	-1.032406e+02
2.300000e-07	-5.989575e-09	-4.001698e-09	-5.089510e+01	-1.034614e+02
2.400000e-07	-5.931022e-09	-3.961504e-09	-5.039756e+01	-1.036208e+02
2.500000e-07	-5.870091e-09	-4.041715e-09	-4.987982e+01	-1.036761e+02
2.600000e-07	-5.806873e-09	-4.078286e-09	-4.934264e+01	-1.036058e+02
2.700000e-07	-5.741319e-09	-3.985691e-09	-4.878561e+01	-1.034127e+02
2.800000e-07	-5.673431e-09	-3.987698e-09	-4.820876e+01	-1.031218e+02
2.900000e-07	-5.603274e-09	-4.032644e-09	-4.761262e+01	-1.027730e+02
3.000000e-07	-5.530839e-09	-3.958181e-09	-4.699713e+01	-1.024107e+02
3.100000e-07	-5.455982e-09	-3.912182e-09	-4.636106e+01	-1.020726e+02
3.200000e-07	-5.378652e-09	-3.954787e-09	-4.570398e+01	-1.017822e+02
3.300000e-07	-5.299005e-09	-3.963342e-09	-4.502720e+01	-1.015446e+02
3.400000e-07	-5.217277e-09	-3.927601e-09	-4.433274e+01	-1.013476e+02
3.500000e-07	-5.133721e-09	-3.926084e-09	-4.362274e+01	-1.011675e+02
3.600000e-07	-5.048427e-09	-3.923950e-09	-4.289798e+01	-1.009766e+02
3.700000e-07	-4.961358e-09	-3.893593e-09	-4.215813e+01	-1.007512e+02
3.800000e-07	-4.872436e-09	-3.877243e-09	-4.140254e+01	-1.004775e+02
3.900000e-07	-4.781638e-09	-3.873809e-09	-4.063101e+01	-1.001535e+02
4.000000e-07	-4.689057e-09	-3.858217e-09	-3.984433e+01	-9.978783e+01
4.100000e-07	-4.594789e-09	-3.842212e-09	-3.904332e+01	-9.939508e+01
4.200000e-07	-4.498842e-09	-3.847297e-09	-3.822804e+01	-9.899041e+01
4.300000e-07	-4.401178e-09	-3.832775e-09	-3.739816e+01	-9.858433e+01
4.400000e-07	-4.301804e-09	-3.792170e-09	-3.655375e+01	-9.817960e+01
4.500000e-07	-4.200834e-09	-3.764779e-09	-3.569579e+01	-9.777107e+01
4.600000e-07	-4.098348e-09	-3.757093e-09	-3.482494e+01	-9.734782e+01
4.700000e-07	-3.994289e-09	-3.738383e-09	-3.394073e+01	-9.689711e+01
4.800000e-07	-3.888658e-09	-3.717582e-09	-3.304316e+01	-9.640830e+01
4.900000e-07	-3.781519e-09	-3.711793e-09	-3.213278e+01	-9.587571e+01
5.000000e-07	-3.672936e-09	-3.693812e-09	-3.121012e+01	-9.529943e+01
5.100000e-07	-3.562943e-09	-3.661745e-09	-3.027549e+01	-9.468401e+01
5.200000e-07	-3.451506e-09	-3.631012e-09	-2.932858e+01	-9.403560e+01
5.300000e-07	-3.338595e-09	-3.603689e-09	-2.836915e+01	-9.335878e+01
5.400000e-07	-3.224159e-09	-3.572955e-09	-2.739676e+01	-9.265393e+01
5.500000e-07	-3.108245e-09	-3.545408e-09	-2.641182e+01	-9.191626e+01
5.600000e-07	-2.991023e-09	-3.520394e-09	-2.541575e+01	-9.113656e+01
5.700000e-07	-2.872565e-09	-3.487790e-09	-2.440919e+01	-9.030333e+01
5.800000e-07	-2.752902e-09	-3.449948e-09	-2.339238e+01	-8.940542e+01
5.900000e-07	-2.632130e-09	-3.408304e-09	-2.236615e+01	-8.843413e+01
6.000000e-07	-2.510304e-09	-3.362724e-09	-2.133097e+01	-8.738404e+01
6.100000e-07	-2.387453e-09	-3.314986e-09	-2.028708e+01	-8.625226e+01
6.200000e-07	-2.263614e-09	-3.271369e-09	-1.923478e+01	-8.503635e+01
6.300000e-07	-2.138907e-09	-3.227093e-09	-1.817511e+01	-8.373177e+01
6.400000e-07	-2.013467e-09	-3.172131e-09	-1.710922e+01	-8.232976e+01
6.500000e-07	-1.887306e-09	-3.107978e-09	-1.603720e+01	-8.081639e+01
6.600000e-07	-1.760410e-09	-3.041947e-09	-1.495893e+01	-7.917302e+01
6.700000e-07	-1.632842e-09	-2.971287e-09	-1.387495e+01	-7.737783e+01
6.800000e-07	-1.504721e-09	-2.889177e-09	-1.278628e+01	-7.540767e+01
6.900000e-07	-1.376121e-09	-2.800809e-09	-1.169353e+01	-7.323905e+01
7.000000e-07	-1.247064e-09	-2.711561e-09	-1.059690e+01	-7.084766e+01
7.100000e-07	-1.117585e-09	-2.615166e-09	-9.496690e+00	-6.820611e+01
7.200000e-07	-9.877463e-10	-2.501284e-09	-8.393414e+00	-6.528073e+01
7.300000e-07	-8.576098e-10	-2.368316e-09	-7.287612e+00	-6.202847e+01
7.400000e-07	-7.272023e-10	-2.218735e-09	-6.179505e+00	-5.839580e+01
7.500000e-07	-5.965355e-10	-2.056561e-09	-5.069196e+00	-5.432107e+01
7.600000e-07	-4.656598e-10	-1.879275e-09	-3.957112e+00	-4.974097e+01
7.700000e-07	-3.346186e-10	-1.678616e-09	-2.843621e+00	-4.460084e+01
7.800000e-07	-2.034385e-10	-1.455597e-09	-1.728949e+00	-3.886722e+01
7.900000e-07	-7.216506e-11	-1.214113e-09	-6.134841e-01	-3.254004e+01
8.000000e-07	5.917080e-11	-9.472409e-10	5.025104e-01	-2.566157e+01
8.100000e-07	1.905457e-10	-6.498296e-10	1.618838e+00	-1.831964e+01
8.200000e-07	3.219060e-10	-3.378195e-10	2.735041e+00	-1.064356e+01
8.300000e-07	4.532076e-10	-2.896472e-11	3.850745e+00	-2.792976e+00
8.400000e-07	5.844034e-10	2.729091e-10	4.965549e+00	5.058742e+00
8.500000e-07	7.154436e-10	5.677371e-10	6.079032e+00	1.274345e+01
8.600000e-07	8.462842e-10	8.515278e-10	7.190819e+00	2.011596e+01
8.700000e-07	9.768482e-10	1.118919e-09	8.300256e+00	2.706725e+01
8.800000e-07	1.107077e-09	1.369838e-09	9.406847e+00	3.353079e+01
8.900000e-07	1.236933e-09	1.606761e-09	1.051026e+01	3.948144e+01
9.000000e-07	1.366344e-09	1.826180e-09	1.160991e+01	4.492790e+01
9.100000e-07	1.495259e-09	2.022169e-09	1.270533e+01	4.990104e+01
9.200000e-07	1.623620e-09	2.196870e-09	1.379604e+01	5.444134e+01
9.300000e-07	1.751346e-09	2.356323e-09	1.488137e+01	5.858825e+01
9.400000e-07	1.878358e-09	2.502585e-09	1.596062e+01	6.237371e+01
9.500000e-07	2.004601e-09	2.634506e-09	1.703334e+01	6.582038e+01
9.600000e-07	2.130077e-09	2.754033e-09	1.809955e+01	6.894413e+01
9.700000e-07	2.254762e-09	2.864383e-09	1.915904e+01	7.175892e+01
9.800000e-07	2.378548e-09	2.964722e-09	2.021088e+01	7.428198e+01
9.900000e-07	2.501324e-09	3.051952e-09	2.125414e+01	7.653722e+01
1.000000e-06	2.623065e-09	3.126970e-09	2.228860e+01	7.855577e+01
1.010000e-06	2.743768e-09	3.195952e-09	2.331426e+01	8.037346e+01
1.020000e-06	2.863379e-09	3.261546e-09	2.433062e+01	8.202621e+01
1.030000e-06	2.981825e-09	3.322835e-09	2.533709e+01	8.354501e+01
1.040000e-06	3.099049e-09	3.378761e-09	2.633318e+01	8.495197e+01
1.050000e-06	3.214982e-09	3.429633e-09	2.731829e+01	8.625890e+01
1.060000e-06	3.329575e-09	3.476627e-09	2.829202e+01	8.746873e+01
1.070000e-06	3.442801e-09	3.517746e-09	2.925412e+01	8.857925e+01
1.080000e-06	3.554649e-09	3.552745e-09	3.020453e+01	8.958796e+01
1.090000e-06	3.665159e-09	3.586278e-09	3.114356e+01	9.049643e+01
1.100000e-06	3.774380e-09	3.619880e-09	3.207165e+01	9.131283e+01
1.110000e-06	3.882285e-09	3.650374e-09	3.298855e+01	9.205184e+01
1.120000e-06	3.988775e-09	3.678094e-09	3.389343e+01	9.273223e+01
1.130000e-06	4.093770e-09	3.705501e-09	3.478560e+01	9.337274e+01
1.140000e-06	4.197216e-09	3.731125e-09	3.566461e+01	9.398798e+01
1.150000e-06	4.299119e-09	3.750807e-09	3.653051e+01	9.458542e+01
1.160000e-06	4.399467e-09	3.768135e-09	3.738320e+01	9.516472e+01
1.170000e-06	4.498147e-09	3.788462e-09	3.822171e+01	9.571934e+01
1.180000e-06	4.595046e-09	3.809000e-09	3.904508e+01	9.624010e+01
1.190000e-06	4.690145e-09	3.826746e-09	3.985317e+01	9.671933e+01
1.200000e-06	4.783514e-09	3.842124e-09	4.064656e+01	9.715433e+01
1.210000e-06	4.875151e-09	3.856496e-09	4.142523e+01	9.754908e+01
1.220000e-06	4.964930e-09	3.869329e-09	4.218811e+01	9.791346e+01
1.230000e-06	5.052732e-09	3.882130e-09	4.293419e+01	9.826057e+01
1.240000e-06	5.138586e-09	3.896332e-09	4.366372e+01	9.860277e+01
1.250000e-06	5.222560e-09	3.910460e-09	4.437727e+01	9.894799e+01
1.260000e-06	5.304562e-09	3.923511e-09	4.507407e+01	9.929735e+01
1.270000e-06	5.384455e-09	3.934461e-09	4.575295e+01	9.964504e+01
1.280000e-06	5.462190e-09	3.944390e-09	4.641348e+01	9.998042e+01
1.290000e-06	5.537690e-09	3.953499e-09	4.705503e+01	1.002917e+02
1.300000e-06	5.610864e-09	3.960436e-09	4.767681e+01	1.005698e+02
1.310000e-06	5.681779e-09	3.969025e-09	4.827940e+01	1.008119e+02
1.320000e-06	5.750554e-09	3.981131e-09	4.886381e+01	1.010221e+02
1.330000e-06	5.817132e-09	3.992543e-09	4.942954e+01	1.012108e+02
1.340000e-06	5.881422e-09	4.001954e-09	4.997583e+01	1.013913e+02
1.350000e-06	5.943506e-09	4.009438e-09	5.050338e+01	1.015759e+02
1.360000e-06	6.003486e-09	4.014326e-09	5.101305e+01	1.017724e+02
1.370000e-06	6.061254e-09	4.016539e-09	5.150393e+01	1.019816e+02
1.380000e-06	6.116704e-09	4.018160e-09	5.197510e+01	1.021977e+02
1.390000e-06	6.169778e-09	4.021353e-09	5.242609e+01	1.024104e+02
1.400000e-06	6.220262e-09	4.026703e-09	5.285507e+01	1.026083e+02
1.410000e-06	6.268109e-09	4.036078e-09	5.326165e+01	1.027827e+02
1.420000e-06	6.313578e-09	4.049355e-09	5.364801e+01	1.029307e+02
1.430000e-06	6.356786e-09	4.061286e-09	5.401517e+01	1.030559e+02
1.440000e-06	6.397573e-09	4.067451e-09	5.436175e+01	1.031669e+02
1.450000e-06	6.435927e-09	4.068718e-09	5.468766e+01	1.032747e+02
1.460000e-06	6.472005e-09	4.068042e-09	5.499423e+01	1.033884e+02
1.470000e-06	6.505694e-09	4.067139e-09	5.528050e+01	1.035128e+02
1.480000e-06	6.536877e-09	4.067479e-09	5.554547e+01	1.036463e+02
1.490000e-06	6.565700e-09	4.072138e-09	5.579040e+01	1.037818e+02
1.500000e-06	6.592087e-09	4.080295e-09	5.601462e+01	1.039095e+02
1.510000e-06	6.615826e-09	4.088604e-09	5.621634e+01	1.040199e+02
1.520000e-06	6.637048e-09	4.095053e-09	5.639668e+01	1.041080e+02
1.530000e-06	6.655881e-09	4.098024e-09	5.655670e+01	1.041747e+02
1.540000e-06	6.672131e-09	4.096919e-09	5.669479e+01	1.042268e+02
1.550000e-06	6.685656e-09	4.094175e-09	5.680972e+01	1.042746e+02
1.560000e-06	6.696362e-09	4.093059e-09	5.690070e+01	1.043285e+02
1.570000e-06	6.704247e-09	4.093774e-09	5.696771e+01	1.043946e+02
1.580000e-06	6.709553e-09	4.095468e-09	5.701280e+01	1.044725e+02
1.590000e-06	6.712354e-09	4.098960e-09	5.703661e+01	1.045547e+02
1.600000e-06	6.712587e-09	4.106393e-09	5.703859e+01	1.046287e+02
1.610000e-06	6.710406e-09	4.116553e-09	5.702007e+01	1.046808e+02
1.620000e-06	6.705919e-09	4.128433e-09	5.698195e+01	1.047014e+02
1.630000e-06	6.699038e-09	4.128987e-09	5.692348e+01	1.046885e+02
1.640000e-06	6.689784e-09	4.121982e-09	5.684486e+01	1.046492e+02
1.650000e-06	6.678153e-09	4.125965e-09	5.674603e+01	1.045982e+02
1.660000e-06	6.664028e-09	4.129686e-09	5.662601e+01	1.045533e+02
1.670000e-06	6.647562e-09	4.128446e-09	5.648610e+01	1.045297e+02
1.680000e-06	6.629044e-09	4.146277e-09	5.632875e+01	1.045339e+02
1.690000e-06	6.608290e-09	4.185929e-09	5.615240e+01	1.045603e+02
1.700000e-06	6.584608e-09	4.187159e-09	5.595118e+01	1.045912e+02
1.710000e-06	6.557760e-09	4.139968e-09	5.572305e+01	1.046010e+02
1.720000e-06	6.528148e-09	4.148542e-09	5.547143e+01	1.045628e+02
1.730000e-06	6.496212e-09	4.235826e-09	5.520007e+01	1.044573e+02
1.740000e-06	6.462249e-09	4.242336e-09	5.491148e+01	1.042798e+02
1.750000e-06	6.426564e-09	4.143651e-09	5.460826e+01	1.040442e+02
1.760000e-06	6.389134e-09	4.117714e-09	5.429021e+01	1.037820e+02
1.770000e-06	6.349408e-09	4.146217e-09	5.395266e+01	1.035362e+02
1.780000e-06	6.307260e-09	4.078860e-09	5.359452e+01	1.033518e+02
1.790000e-06	6.262878e-09	4.038246e-09	5.321740e+01	1.032641e+02
1.800000e-06	6.216117e-09	4.049833e-09	5.282006e+01	1.032900e+02
1.810000e-06	6.166842e-09	3.972617e-09	5.240137e+01	1.034218e+02
1.820000e-06	6.114912e-09	3.962341e-09	5.196012e+01	1.036282e+02
1.830000e-06	6.060343e-09	4.068580e-09	5.149644e+01	1.038602e+02
1.840000e-06	6.003337e-09	4.086806e-09	5.101204e+01	1.040618e+02
1.850000e-06	5.943966e-09	3.988130e-09	5.050756e+01	1.041822e+02
1.860000e-06	5.882236e-09	3.979155e-09	4.998303e+01	1.041868e+02
1.870000e-06	5.818067e-09	3.994225e-09	4.943777e+01	1.040640e+02
1.880000e-06	5.751549e-09	3.913920e-09	4.887255e+01	1.038264e+02
1.890000e-06	5.682692e-09	3.916765e-09	4.828747e+01	1.035066e+02
1.900000e-06	5.611445e-09	3.972927e-09	4.768207e+01	1.031474e+02
1.910000e-06	5.537934e-09	3.955335e-09	4.705744e+01	1.027918e+02
1.920000e-06	5.462188e-09	3.902497e-09	4.641380e+01	1.024722e+02
1.930000e-06	5.384149e-09	3.905802e-09	4.575069e+01	1.022046e+02
1.940000e-06	5.303859e-09	3.904272e-09	4.506846e+01	1.019864e+02
1.950000e-06	5.221549e-09	3.864424e-09	4.436905e+01	1.018000e+02
1.960000e-06	5.137349e-09	3.862378e-09	4.365358e+01	1.016189e+02
1.970000e-06	5.051170e-09	3.886585e-09	4.292130e+01	1.014162e+02
1.980000e-06	4.963056e-09	3.881393e-09	4.217258e+01	1.011719e+02
1.990000e-06	4.873135e-09	3.852121e-09	4.140850e+01	1.008770e+02
2.000000e-06	4.781478e-09	3.849857e-09	4.062967e+01	1.005344e+02
2.010000e-06	4.688087e-09	3.826594e-09	3.983610e+01	1.001558e+02
2.020000e-06	4.592940e-09	3.794291e-09	3.902761e+01	9.975671e+01
2.030000e-06	4.496107e-09	3.790340e-09	3.820481e+01	9.935087e+01
2.040000e-06	4.397700e-09	3.794410e-09	3.736861e+01	9.894578e+01
2.050000e-06	4.297744e-09	3.776668e-09	3.651927e+01	9.854077e+01
2.060000e-06	4.196178e-09	3.756518e-09	3.565624e+01	9.812789e+01
2.070000e-06	4.092934e-09	3.749997e-09	3.477895e+01	9.769497e+01
2.080000e-06	3.988079e-09	3.718201e-09	3.388798e+01	9.722970e+01
2.090000e-06	3.881760e-09	3.682664e-09	3.298456e+01	9.672328e+01
2.100000e-06	3.774013e-09	3.666710e-09	3.206901e+01	9.617246e+01
2.110000e-06	3.664845e-09	3.657867e-09	3.114138e+01	9.557944e+01
2.120000e-06	3.554252e-09	3.638838e-09	3.020165e+01	9.494982e+01
2.130000e-06	3.442187e-09	3.611614e-09	2.924941e+01	9.428949e+01
2.140000e-06	3.328627e-09	3.583372e-09	2.828447e+01	9.360149e+01
2.150000e-06	3.213571e-09	3.549140e-09	2.730681e+01	9.288407e+01
2.160000e-06	3.097064e-09	3.512684e-09	2.631683e+01	9.213042e+01
2.170000e-06	2.979188e-09	3.482428e-09	2.531521e+01	9.133009e+01
2.180000e-06	2.860007e-09	3.455561e-09	2.430250e+01	9.047140e+01
2.190000e-06	2.739612e-09	3.429546e-09	2.327947e+01	8.954403e+01
2.200000e-06	2.618143e-09	3.400308e-09	2.224732e+01	8.854064e+01
2.210000e-06	2.495703e-09	3.360126e-09	2.120692e+01	8.745703e+01
2.220000e-06	2.372316e-09	3.302892e-09	2.015847e+01	8.629079e+01
2.230000e-06	2.248016e-09	3.241082e-09	1.910226e+01	8.503890e+01
2.240000e-06	2.122865e-09	3.188775e-09	1.803883e+01	8.369526e+01
2.250000e-06	1.996897e-09	3.136529e-09	1.696844e+01	8.224900e+01
2.260000e-06	1.870180e-09	3.080721e-09	1.589170e+01	8.068409e+01
2.270000e-06	1.742817e-09	3.024408e-09	1.480947e+01	7.898036e+01
2.280000e-06	1.614840e-09	2.962935e-09	1.372201e+01	7.711525e+01
2.290000e-06	1.486279e-09	2.883606e-09	1.262960e+01	7.506541e+01
2.300000e-06	1.357218e-09	2.785995e-09	1.153294e+01	7.280715e+01
2.310000e-06	1.227732e-09	2.681418e-09	1.043266e+01	7.031521e+01
2.320000e-06	1.097904e-09	2.572181e-09	9.329475e+00	6.756000e+01
2.330000e-06	9.678000e-10	2.455844e-09	8.223944e+00	6.450420e+01
2.340000e-06	8.374452e-10	2.328288e-09	7.116283e+00	6.110037e+01
2.350000e-06	7.068341e-10	2.186139e-09	6.006445e+00	5.729112e+01
2.360000e-06	5.759486e-10	2.024239e-09	4.894276e+00	5.301312e+01
2.370000e-06	4.448147e-10	1.837940e-09	3.779995e+00	4.820533e+01
2.380000e-06	3.134997e-10	1.626394e-09	2.664177e+00	4.282043e+01
2.390000e-06	1.820473e-10	1.393040e-09	1.547189e+00	3.683758e+01
2.400000e-06	5.048570e-11	1.142302e-09	4.292748e-01	3.027360e+01
2.410000e-06	-8.113266e-11	8.694195e-10	-6.891223e-01	2.318977e+01
2.420000e-06	-2.127692e-10	5.746642e-10	-1.807674e+00	1.569207e+01
2.430000e-06	-3.443846e-10	2.705354e-10	-2.926046e+00	7.924084e+00
2.440000e-06	-4.759032e-10	-3.495271e-11	-4.043595e+00	5.328914e-02
2.450000e-06	-6.072568e-10	-3.383971e-10	-5.159744e+00	-7.746932e+00
2.460000e-06	-7.384001e-10	-6.319254e-10	-6.274105e+00	-1.531615e+01
2.470000e-06	-8.692710e-10	-9.096862e-10	-7.386152e+00	-2.252309e+01
2.480000e-06	-9.998417e-10	-1.171237e-09	-8.495649e+00	-2.927610e+01
2.490000e-06	-1.130096e-09	-1.414508e-09	-9.602456e+00	-3.552644e+01
2.500000e-06	-1.259979e-09	-1.638171e-09	-1.070611e+01	-4.126423e+01
2.510000e-06	-1.389455e-09	-1.844980e-09	-1.180631e+01	-4.650886e+01
2.520000e-06	-1.518432e-09	-2.035554e-09	-1.290226e+01	-5.129659e+01
2.530000e-06	-1.646794e-09	-2.207589e-09	-1.399299e+01	-5.566850e+01
2.540000e-06	-1.774463e-09	-2.362490e-09	-1.507783e+01	-5.966140e+01
2.550000e-06	-1.901384e-09	-2.503209e-09	-1.615631e+01	-6.330329e+01
2.560000e-06	-2.027525e-09	-2.629324e-09	-1.722816e+01	-6.661353e+01
2.570000e-06	-2.152844e-09	-2.742731e-09	-1.829303e+01	-6.960658e+01
2.580000e-06	-2.277255e-09	-2.848381e-09	-1.935019e+01	-7.229723e+01
2.590000e-06	-2.400670e-09	-2.945630e-09	-2.039887e+01	-7.470526e+01
2.600000e-06	-2.523062e-09	-3.031733e-09	-2.143887e+01	-7.685769e+01
2.610000e-06	-2.644445e-09	-3.108031e-09	-2.247030e+01	-7.878805e+01
2.620000e-06	-2.764737e-09	-3.176676e-09	-2.349245e+01	-8.053279e+01
2.630000e-06	-2.883832e-09	-3.239095e-09	-2.450443e+01	-8.212634e+01
2.640000e-06	-3.001722e-09	-3.295900e-09	-2.550617e+01	-8.359631e+01
2.650000e-06	-3.118340e-09	-3.347867e-09	-2.649710e+01	-8.496053e+01
2.660000e-06	-3.233534e-09	-3.397622e-09	-2.747594e+01	-8.622678e+01
2.670000e-06	-3.347268e-09	-3.446166e-09	-2.844237e+01	-8.739532e+01
2.680000e-06	-3.459598e-09	-3.489269e-09	-2.939686e+01	-8.846327e+01
2.690000e-06	-3.570529e-09	-3.524194e-09	-3.033948e+01	-8.942940e+01
2.700000e-06	-3.680108e-09	-3.554414e-09	-3.127060e+01	-9.029789e+01
2.710000e-06	-3.788430e-09	-3.583481e-09	-3.219105e+01	-9.107977e+01
2.720000e-06	-3.895514e-09	-3.613164e-09	-3.310097e+01	-9.179185e+01
2.730000e-06	-4.001262e-09	-3.642778e-09	-3.399955e+01	-9.245336e+01
2.740000e-06	-4.105507e-09	-3.670429e-09	-3.488534e+01	-9.308177e+01
2.750000e-06	-4.208143e-09	-3.698089e-09	-3.575747e+01	-9.368893e+01
2.760000e-06	-4.309151e-09	-3.723983e-09	-3.661576e+01	-9.427901e+01
2.770000e-06	-4.408562e-09	-3.743332e-09	-3.746049e+01	-9.484876e+01
2.780000e-06	-4.506433e-09	-3.758914e-09	-3.829213e+01	-9.539005e+01
2.790000e-06	-4.602675e-09	-3.775782e-09	-3.910993e+01	-9.589388e+01
2.800000e-06	-4.697145e-09	-3.793913e-09	-3.991266e+01	-9.635434e+01
2.810000e-06	-4.789800e-09	-3.811576e-09	-4.069998e+01	-9.677145e+01
2.820000e-06	-4.880647e-09	-3.830138e-09	-4.147194e+01	-9.715185e+01
2.830000e-06	-4.969630e-09	-3.849933e-09	-4.222805e+01	-9.750721e+01
2.840000e-06	-5.056628e-09	-3.868524e-09	-4.296731e+01	-9.785076e+01
2.850000e-06	-5.141591e-09	-3.883534e-09	-4.368926e+01	-9.819341e+01
2.860000e-06	-5.224588e-09	-3.894640e-09	-4.439451e+01	-9.854038e+01
2.870000e-06	-5.305649e-09	-3.904639e-09	-4.508331e+01	-9.888980e+01
2.880000e-06	-5.384563e-09	-3.915325e-09	-4.575387e+01	-9.923348e+01
2.890000e-06	-5.461128e-09	-3.927357e-09	-4.640446e+01	-9.955982e+01
2.900000e-06	-5.535410e-09	-3.940921e-09	-4.703566e+01	-9.985775e+01
2.910000e-06	-5.607517e-09	-3.955715e-09	-4.764838e+01	-1.001205e+02
2.920000e-06	-5.677396e-09	-3.969521e-09	-4.824217e+01	-1.003482e+02
2.930000e-06	-5.745056e-09	-3.979511e-09	-4.881710e+01	-1.005478e+02
2.940000e-06	-5.810591e-09	-3.986172e-09	-4.937397e+01	-1.007312e+02
2.950000e-06	-5.873971e-09	-3.993264e-09	-4.991253e+01	-1.009119e+02
2.960000e-06	-5.935066e-09	-4.001337e-09	-5.043167e+01	-1.011007e+02
2.970000e-06	-5.993872e-09	-4.007498e-09	-5.093137e+01	-1.013025e+02
2.980000e-06	-6.050470e-09	-4.014090e-09	-5.141230e+01	-1.015153e+02
2.990000e-06	-6.104721e-09	-4.024815e-09	-5.187329e+01	-1.017311e+02
3.000000e-06	-6.156367e-09	-4.036607e-09	-5.231214e+01	-1.019385e+02
3.010000e-06	-6.205284e-09	-4.044362e-09	-5.272781e+01	-1.021270e+02
3.020000e-06	-6.251738e-09	-4.049449e-09	-5.312254e+01	-1.022901e+02
3.030000e-06	-6.296119e-09	-4.054861e-09	-5.349966e+01	-1.024276e+02
3.040000e-06	-6.338423e-09	-4.061485e-09	-5.385913e+01	-1.025454e+02
3.050000e-06	-6.378481e-09	-4.068186e-09	-5.419953e+01	-1.026536e+02
3.060000e-06	-6.416148e-09	-4.072491e-09	-5.451960e+01	-1.027628e+02
3.070000e-06	-6.451393e-09	-4.075527e-09	-5.481909e+01	-1.028805e+02
3.080000e-06	-6.484220e-09	-4.079786e-09	-5.509804e+01	-1.030090e+02
3.090000e-06	-6.514495e-09	-4.084987e-09	-5.535529e+01	-1.031441e+02
3.100000e-06	-6.542232e-09	-4.089633e-09	-5.559099e+01	-1.032772e+02
3.110000e-06	-6.567545e-09	-4.093853e-09	-5.580609e+01	-1.033983e+02
3.120000e-06	-6.590321e-09	-4.098496e-09	-5.599962e+01	-1.034994e+02
3.130000e-06	-6.610520e-09	-4.104735e-09	-5.617127e+01	-1.035778e+02
3.140000e-06	-6.628245e-09	-4.110530e-09	-5.632188e+01	-1.036370e+02
3.150000e-06	-6.643321e-09	-4.112831e-09	-5.644999e+01	-1.036857e+02
3.160000e-06	-6.655558e-09	-4.114399e-09	-5.655398e+01	-1.037348e+02
3.170000e-06	-6.665116e-09	-4.118565e-09	-5.663521e+01	-1.037932e+02
3.180000e-06	-6.672076e-09	-4.122456e-09	-5.669435e+01	-1.038645e+02
3.190000e-06	-6.676446e-09	-4.124704e-09	-5.673149e+01	-1.039452e+02
3.200000e-06	-6.678346e-09	-4.126118e-09	-5.674764e+01	-1.040253e+02
3.210000e-06	-6.677751e-09	-4.124078e-09	-5.674259e+01	-1.040913e+02
